-177.758	576.857
-177.403	576.808
-177.049	574.703
-176.694	567.444
-176.339	569.55
-175.985	569.914
-175.63	578.508
-175.274	570.543
-174.921	582.638
-174.565	577.682
-174.212	577.137
-173.856	576.445
-173.501	575.241
-173.148	570.44
-172.792	586.192
-172.437	588.491
-172.084	588.935
-171.729	574.98
-171.375	583.697
-171.02	586.044
-170.665	586.095
-170.311	582.863
-169.956	583.474
-169.603	586.314
-169.248	586.814
-168.895	591.846
-168.54	594.635
-168.186	592.35
-167.831	590.163
-167.478	597.304
-167.123	596.938
-166.77	596.7
-166.415	598.93
-166.061	595.398
-165.707	595.935
-165.353	598.7
-164.999	589.447
-164.645	599.136
-164.29	587.612
-163.937	594.182
-163.583	594.031
-163.229	602.252
-162.875	602.105
-162.521	600.559
-162.167	600.904
-161.814	599.683
-161.461	611.281
-161.106	605.134
-160.753	609.052
-160.398	605.893
-160.045	604.9
-159.692	612.218
-159.338	609.189
-158.985	614.428
-158.63	612.558
-158.277	611.883
-157.924	626.129
-157.57	623.262
-157.217	617.294
-156.864	613.773
-156.509	618.37
-156.157	615.526
-155.804	624.873
-155.449	618.316
-155.097	622.458
-154.744	625.014
-154.389	620.075
-154.037	623.583
-153.684	630.62
-153.33	628.661
-152.977	638.082
-152.624	622.551
-152.271	627.122
-151.917	635.476
-151.565	625.05
-151.212	626.287
-150.859	634.286
-150.505	633.604
-150.153	637.61
-149.8	630.727
-149.447	633.914
-149.093	632.443
-148.741	638.566
-148.388	643.445
-148.036	636.169
-147.683	645.676
-147.331	640.346
-146.977	634.902
-146.624	636.338
-146.272	643.433
-145.919	643.194
-145.567	652.276
-145.215	646.642
-144.861	643.554
-144.508	644.222
-144.156	649.617
-143.804	654.227
-143.451	653.051
-143.099	645.511
-142.747	655.388
-142.395	653.456
-142.041	640.227
-141.689	653.879
-141.336	657.562
-140.984	660.175
-140.632	663.761
-140.28	665.588
-139.928	658.159
-139.576	660.207
-139.223	656.315
-138.871	666.224
-138.519	668.293
-138.167	659.256
-137.815	661.173
-137.463	661.813
-137.111	663.618
-136.759	674.521
-136.407	672.812
-136.055	673.005
-135.703	678.494
-135.351	659.997
-134.999	671.409
-134.647	666.477
-134.295	680.98
-133.944	679.857
-133.592	672.09
-133.24	670.165
-132.888	679.454
-132.536	671.823
-132.184	673.14
-131.833	686.549
-131.481	680.607
-131.129	680.129
-130.779	679.634
-130.427	677.936
-130.075	691.452
-129.724	687.312
-129.372	689.107
-129.02	681.875
-128.669	681.589
-128.317	695.786
-127.967	690.627
-127.615	686.906
-127.264	693.813
-126.912	697.066
-126.561	682.558
-126.209	693.985
-125.859	690.838
-125.508	686.958
-125.156	706.27
-124.805	691.298
-124.453	691.793
-124.103	687.46
-123.752	694.496
-123.4	704.075
-123.049	695.161
-122.698	699.855
-122.348	705.815
-121.996	700.957
-121.645	701.788
-121.294	706.007
-120.944	705.458
-120.593	713.091
-120.241	706.221
-119.892	701.445
-119.54	704.244
-119.189	703.029
-118.838	719.995
-118.488	700.175
-118.137	710.027
-117.786	711.416
-117.436	705.814
-117.085	714.31
-116.734	716.027
-116.385	716.41
-116.033	713.824
-115.682	725.932
-115.333	727.802
-114.982	718.701
-114.632	723.32
-114.281	716.913
-113.93	730.524
-113.581	719.894
-113.23	725.315
-112.881	725.2
-112.53	730.763
-112.179	730.638
-111.829	732.607
-111.478	719.433
-111.129	731.004
-110.778	742.774
-110.429	746.805
-110.078	747.623
-109.727	745.248
-109.378	739.461
-109.027	745.665
-108.678	745.685
-108.327	744.524
-107.978	749.249
-107.627	741.282
-107.278	758.451
-106.927	749.33
-106.578	754.94
-106.228	752.698
-105.879	759.348
-105.528	758.909
-105.179	754.209
-104.828	750.749
-104.479	761.224
-104.13	760.113
-103.78	755.951
-103.431	755.565
-103.08	757.607
-102.731	764.879
-102.381	773.11
-102.032	770.343
-101.683	778.789
-101.332	776.116
-100.983	771.356
-100.633	773.534
-100.284	773.018
-99.9354	780.788
-99.585	784.172
-99.2362	785.006
-98.8874	783.169
-98.5371	765.986
-98.1883	792.161
-97.8396	779.468
-97.4893	790.02
-97.1406	788.273
-96.7919	791.052
-96.4416	802.035
-96.093	797.767
-95.7443	803.943
-95.3941	804.503
-95.0455	802.708
-94.6969	804.854
-94.3483	802.252
-93.9982	797.789
-93.6496	818.636
-93.3011	815.049
-92.9525	813.991
-92.6025	816.102
-92.254	822.015
-91.9055	823.932
-91.557	817.817
-91.207	827.103
-90.8586	828.443
-90.5101	820.224
-90.1617	836.048
-89.8133	831.665
-89.4634	838.608
-89.115	827.523
-88.7667	837.403
-88.4183	840.838
-88.07	842.582
-87.7217	846.057
-87.3719	846.518
-87.0236	860.132
-86.6754	853.259
-86.3271	850.623
-85.9789	865.186
-85.6307	864.523
-85.2825	861.425
-84.9343	866.337
-84.5846	858.965
-84.2364	864.511
-83.8883	862.577
-83.5402	868.901
-83.1921	880.205
-82.844	873.078
-82.4959	881.472
-82.1478	888.668
-81.7998	885.253
-81.4518	867.288
-81.1037	883.72
-80.7557	886.531
-80.4078	881.828
-80.0598	896.259
-79.7118	906.042
-79.3639	902.185
-79.016	905.727
-78.6681	908.133
-78.3202	917.085
-77.9723	908.243
-77.6244	915.763
-77.2766	907.347
-76.9288	918.767
-76.5809	931.192
-76.2331	914.946
-75.8854	924.931
-75.5376	927.954
-75.1898	933.703
-74.8421	928.529
-74.4944	936.985
-74.1466	937.069
-73.799	944.624
-73.4513	935.672
-73.1036	945.117
-72.7575	943.985
-72.4099	948.154
-72.0622	948.722
-71.7146	957.682
-71.3671	960.036
-71.0195	961.179
-70.6719	960.88
-70.3244	966.706
-69.9784	965.599
-69.6309	974.758
-69.2834	967.965
-68.9359	966.7
-68.5884	969.879
-68.241	967.994
-67.8951	985.679
-67.5477	979.854
-67.2003	989.276
-66.8529	994.505
-66.5055	998.927
-66.1597	1008.63
-65.8123	1000.93
-65.465	1016.37
-65.1177	1017.28
-64.7719	1024.19
-64.4246	1028.35
-64.0774	1016.83
-63.7301	1025.68
-63.3844	1023.55
-63.0372	1026.86
-62.69	1036.98
-62.3443	1034.31
-61.9971	1026.45
-61.65	1041.56
-61.3028	1064.91
-60.9572	1053.81
-60.6101	1059.16
-60.263	1058
-59.9175	1056.9
-59.5704	1064.25
-59.2233	1078.28
-58.8778	1074.3
-58.5308	1088.68
-58.1838	1076.85
-57.8383	1089.84
-57.4913	1092.27
-57.1459	1101.11
-56.799	1101.77
-56.452	1108.24
-56.1066	1113.42
-55.7597	1110.8
-55.4144	1118.24
-55.0675	1123.16
-54.7206	1111.65
-54.3753	1114.2
-54.0285	1121.31
-53.6832	1126.13
-53.3364	1127.26
-52.9912	1136.79
-52.6444	1142.73
-52.2992	1144.43
-51.9524	1138.21
-51.6073	1146.01
-51.2606	1155.92
-50.9154	1154.09
-50.5687	1143.71
-50.2236	1168.42
-49.8769	1167.61
-49.5318	1168.2
-49.1852	1178.11
-48.8402	1179.69
-48.4936	1196.41
-48.1485	1188.83
-47.802	1202.78
-47.457	1197.85
-47.1104	1209.46
-46.7655	1215.72
-46.4205	1213
-46.074	1217.06
-45.7291	1227.43
-45.3826	1237.89
-45.0377	1230.25
-44.6913	1245.63
-44.3464	1231.29
-44.0016	1248.87
-43.6552	1260.31
-43.3104	1268.67
-42.9656	1273.17
-42.6192	1268.27
-42.2744	1285.26
-41.9297	1273.13
-41.5834	1285.16
-41.2386	1296.72
-40.8939	1290.83
-40.5477	1307.57
-40.203	1319.34
-39.8583	1334.16
-39.5121	1326.14
-39.1675	1345.68
-38.8228	1339.9
-38.4767	1342.24
-38.1321	1362.08
-37.7875	1365.47
-37.4429	1373.03
-37.0968	1369.76
-36.7523	1381.44
-36.4078	1372.68
-36.0633	1382.33
-35.7172	1402.93
-35.3727	1409.57
-35.0283	1394.84
-34.6838	1410.84
-34.3379	1419.54
-33.9934	1435.37
-33.649	1434.35
-33.3046	1432.24
-32.9603	1443.06
-32.6159	1456.66
-32.27	1461.41
-31.9257	1458.73
-31.5814	1468.97
-31.2371	1484.79
-30.8928	1498.54
-30.5485	1503.31
-30.2027	1514.02
-29.8585	1517.27
-29.5142	1529.44
-29.17	1527.91
-28.8258	1540.98
-28.4816	1566.29
-28.1375	1568.65
-27.7933	1583.48
-27.4492	1569.36
-27.1035	1596.32
-26.7594	1604.14
-26.4153	1630.71
-26.0713	1650.55
-25.7272	1636.59
-25.3831	1665.48
-25.0391	1679.26
-24.6951	1681.14
-24.3511	1714.37
-24.0071	1726.27
-23.6631	1743.18
-23.3192	1761.29
-22.9752	1788.13
-22.6313	1793.48
-22.2874	1820.4
-21.9435	1851.08
-21.5996	1839.57
-21.2557	1879.13
-20.9119	1913.69
-20.568	1931.67
-20.2242	1950.35
-19.8804	1988.65
-19.5366	2029.33
-19.1928	2046.04
-18.8491	2081.32
-18.5068	2102.27
-18.1631	2149.57
-17.8194	2175.55
-17.4757	2228.89
-17.132	2268.23
-16.7883	2304.09
-16.4447	2351.02
-16.101	2416.02
-15.7574	2480.43
-15.4138	2536.04
-15.0717	2592.98
-14.7281	2644.62
-14.3845	2710.83
-14.041	2808.49
-13.6974	2913.18
-13.3539	2976.89
-13.0119	3078
-12.6684	3189.91
-12.325	3299.79
-11.9815	3424.92
-11.638	3535.72
-11.2961	3688.16
-10.9527	3843.6
-10.6093	4025.92
-10.2659	4191.9
-9.92254	4399
-9.5807	4632.88
-9.23736	4909.86
-8.89402	5148.55
-8.55071	5475.93
-8.20893	5833.75
-7.86564	6251.92
-7.52237	6754.92
-7.18064	7319.44
-6.8374	7875.44
-6.49417	8500.08
-6.15096	9280.95
-5.80928	10124.2
-5.4661	11208.5
-5.12293	12544.1
-4.7813	13655.2
-4.43817	14447.3
-4.09504	14490.8
-3.75346	12750.5
-3.41036	8840.43
-3.06729	4787.27
-2.72575	2957.64
-2.3827	3072.17
-2.04119	6425.29
-1.69817	31858.2
-1.35516	42303.1
-1.0137	42347.8
-0.670724	42392.7
-0.329289	42437.5
0.0136566	42482.7
0.356587	42527.9
0.697978	42572.9
1.04088	42324.4
1.38224	16650.4
1.72511	4063.13
2.06644	1585.43
2.40928	1260.65
2.75211	1395.87
3.0934	2511.72
3.43619	5760
3.77745	10126.5
4.12022	12819.8
4.46145	13047.6
4.80419	12532
5.14539	11680.6
5.48809	10327.8
5.82926	9308.78
6.17194	8635.65
6.51308	7999.97
6.85421	7532.46
7.19684	7058.98
7.53793	6603.04
7.88054	6168.87
8.2216	5850.54
8.56418	5536.35
8.90522	5191.01
9.24776	4945.75
9.58877	4695.34
9.92976	4477.12
10.2723	4291.54
10.6132	4127.39
10.9542	3976.87
11.2966	3811.86
11.6375	3671.81
11.98	3566.26
12.3209	3429.85
12.6617	3305.05
13.0041	3193.92
13.345	3110
13.6858	3033.77
14.0281	2949.24
14.3689	2875.46
14.7097	2817.59
15.052	2746.56
15.3928	2689.58
15.7335	2631.31
16.0742	2563.91
16.4165	2514.01
16.7572	2467.63
17.0978	2434.45
17.44	2384.07
17.7807	2356.03
18.1213	2313.78
18.462	2274.73
18.8041	2245
19.1447	2219.91
19.4853	2183.57
19.8258	2157.43
20.1664	2131.76
20.5084	2108.51
20.849	2084.57
21.1895	2058.69
21.5299	2033.79
21.8704	2019.73
22.2124	1990.97
22.5529	1984.03
22.8933	1964.5
23.2337	1957.28
23.5741	1938.47
23.9145	1924.88
24.2564	1900
24.5968	1888.53
24.9371	1871.4
25.2774	1863.42
25.6177	1854.13
25.958	1841.48
26.2983	1827.26
26.6386	1827.39
26.9789	1822.48
27.3191	1794.44
27.6608	1781.38
28.0011	1789.11
28.3413	1760.32
28.6814	1769.55
29.0216	1761.65
29.3618	1758.33
29.7019	1744.14
30.042	1724.64
30.3821	1732.27
30.7222	1730.35
31.0623	1713.36
31.4024	1718.79
31.7424	1696.76
32.0825	1681.57
32.4225	1682.04
32.7625	1684.37
33.1025	1670.34
33.4425	1676.19
33.7824	1666.97
34.1224	1667.22
34.4623	1657.17
34.8022	1646.34
35.1421	1669.07
35.482	1638.67
35.8204	1638.59
36.1602	1622.26
36.5001	1629.29
36.8399	1628.77
37.1797	1603.23
37.5195	1584.79
37.8593	1606.73
38.1991	1589.6
38.5389	1585.29
38.8771	1601.28
39.2168	1582.07
39.5565	1590.7
39.8962	1583.15
40.2359	1565.44
40.5756	1572.95
40.9152	1564.54
41.2534	1550.97
41.593	1537.12
41.9326	1534.82
42.2722	1538.99
42.6118	1528.14
42.9498	1538.58
43.2894	1542.19
43.6289	1534.49
43.9684	1522.03
44.3064	1520.18
44.6459	1506.94
44.9854	1505.76
45.3249	1501.98
45.6628	1508.98
46.0023	1497.16
46.3417	1499.38
46.6811	1505.32
47.019	1490.11
47.3583	1477.03
47.6977	1474.81
48.0355	1486.66
48.3749	1477.34
48.7142	1475.38
49.052	1471.49
49.3913	1467.04
49.7305	1464.48
50.0683	1469.27
50.4075	1453.38
50.7468	1458.29
51.0845	1446.75
51.4237	1442.43
51.7629	1453.88
52.1005	1447.96
52.4397	1444.33
52.7773	1439.52
53.1164	1434.21
53.4556	1449.21
53.7932	1429.52
54.1322	1431.98
54.4698	1430.85
54.8089	1417.42
55.1464	1429.96
55.4854	1424.19
55.8244	1411.41
56.1619	1412.41
56.5009	1417.53
56.8383	1402.76
57.1773	1399.02
57.5147	1404.37
57.8537	1400.11
58.1911	1395.26
58.53	1392.32
58.8673	1391.72
59.2062	1380.49
59.5435	1379.95
59.8824	1376.48
60.2197	1371.58
60.5585	1369.91
60.8958	1374.36
61.233	1368.33
61.5718	1351.78
61.909	1362.52
62.2478	1349.74
62.585	1342.56
62.9237	1342.89
63.2609	1356.68
63.5981	1341.39
63.9367	1342.16
64.2739	1335.09
64.611	1334.97
64.9496	1330.47
65.2867	1320.33
65.6253	1320.37
65.9623	1317.4
66.2994	1331.08
66.6379	1300.76
66.975	1332.92
67.312	1320.34
67.6505	1319.53
67.9875	1319.56
68.3244	1302.18
68.6629	1311.18
68.9998	1307.06
69.3367	1305.21
69.6737	1298.63
70.0121	1297.02
70.3489	1319.06
70.6858	1301.74
71.0226	1309.05
71.361	1289.34
71.6978	1288.9
72.0346	1297.6
72.3714	1301.09
72.7097	1293.21
73.0465	1277.12
73.3832	1293.56
73.7199	1284.47
74.0566	1279.91
74.3949	1296.75
74.7316	1292.41
75.0682	1279.78
75.4049	1281.78
75.7415	1282.24
76.0797	1281.39
76.4163	1261.51
76.7529	1276.17
77.0895	1272.72
77.4261	1277.1
77.7626	1280.75
78.0992	1270.98
78.4357	1287.65
78.7737	1277.7
79.1102	1270.31
79.4467	1274.61
79.7832	1270.76
80.1197	1262.27
80.4561	1267.78
80.7925	1281.88
81.1289	1259.77
81.4653	1257.2
81.8017	1261.07
82.1381	1249.67
82.4745	1243.42
82.8108	1250.88
83.1471	1255.87
83.4835	1256.5
83.8198	1250.4
84.156	1257.93
84.4923	1242.04
84.8286	1234.35
85.1648	1252.92
85.501	1236.39
85.8373	1229.59
86.1735	1250.14
86.5096	1234.21
86.8458	1230.19
87.182	1225.27
87.5181	1236.81
87.8542	1231.19
88.1904	1229
88.5265	1223.25
88.8625	1225.54
89.1986	1222.82
89.5347	1214.37
89.8707	1218
90.2052	1215.28
90.5412	1224.36
90.8772	1213.4
91.2132	1203.87
91.5492	1215.45
91.8852	1204.22
92.2211	1223.27
92.5555	1226.84
92.8914	1209.35
93.2273	1212.89
93.5632	1200.48
93.8991	1216.32
94.2349	1199.59
94.5693	1202.64
94.9051	1204.62
95.2409	1202.4
95.5767	1200.89
95.9125	1205.43
96.2468	1213.27
96.5825	1204.47
96.9183	1200.58
97.254	1195.65
97.5882	1195.4
97.9239	1181.55
98.2596	1191.27
98.5952	1190.71
98.9294	1192.13
99.265	1204.78
99.6007	1196.6
99.9348	1196.83
100.27	1194.29
100.606	1188.8
100.94	1185.39
101.276	1175.89
101.611	1186.44
101.945	1184.34
102.281	1196.81
102.616	1183.3
102.95	1184.92
103.286	1187.82
103.621	1181.23
103.955	1185.14
104.29	1183.37
104.626	1167.58
104.96	1186.14
105.295	1173.83
105.629	1176.6
105.964	1169.23
106.3	1173.38
106.633	1187.33
106.969	1187.56
107.303	1185.01
107.638	1191.85
107.972	1177.44
108.307	1179.63
108.641	1175.72
108.976	1177.62
109.31	1173.86
109.645	1175.58
109.978	1192.2
110.314	1181.06
110.647	1180.04
110.982	1179.15
111.316	1186.99
111.651	1191.36
111.985	1172.08
112.32	1177.06
112.653	1175.14
112.988	1170.89
113.322	1176.06
113.657	1180.73
113.99	1172.45
114.324	1178.23
114.659	1170.82
114.992	1194.83
115.327	1182.57
115.661	1184.04
115.994	1195.91
116.329	1183.51
116.663	1180.1
116.997	1185.51
117.331	1186.81
117.664	1179.98
117.999	1174.73
118.332	1179.72
118.666	1183.23
119	1184.98
119.334	1192.99
119.667	1190.31
120.002	1178.43
120.335	1177.4
120.668	1181.53
121.001	1188.48
121.336	1178.72
121.669	1179.16
122.002	1187.23
122.337	1186.72
122.67	1202.62
123.003	1187.52
123.336	1183.26
123.671	1181.89
124.004	1190.28
124.337	1188.93
124.67	1195.99
125.003	1194.03
125.338	1196.73
125.671	1191.42
126.004	1189.45
126.337	1195.24
126.67	1189.52
127.004	1191.04
127.337	1185.35
127.67	1182.23
128.003	1172.59
128.336	1190.13
128.669	1187.51
129.002	1181.37
129.336	1197.29
129.669	1193.29
130.002	1177.22
130.335	1177.93
130.667	1179.1
131	1180.99
131.333	1183.38
131.666	1201.55
131.998	1181.86
132.331	1196.03
132.665	1196.62
132.998	1180.64
133.331	1187.49
133.663	1187.37
133.996	1191.18
134.329	1193.77
134.661	1186.01
134.994	1191.14
135.327	1191.98
135.659	1196.47
135.992	1177.7
136.324	1194.21
136.657	1192.33
136.989	1190.78
137.322	1201.73
137.654	1201.38
137.987	1195.57
138.319	1207.58
138.652	1189.75
138.983	1198.02
139.315	1180.82
139.648	1205.8
139.98	1196.93
140.312	1195.74
140.645	1203.27
140.977	1197.54
141.309	1197.3
141.642	1192.94
141.974	1206.49
142.305	1203.32
142.637	1190.17
142.97	1212.96
143.302	1199.31
143.634	1202.56
143.966	1215.02
144.298	1193.54
144.629	1198.85
144.961	1201.7
145.294	1200.65
145.626	1200.49
145.958	1203.5
146.289	1206.48
146.621	1196.52
146.953	1197.23
147.285	1204.57
147.617	1192.71
147.948	1195.66
148.28	1197.51
148.612	1189.18
148.944	1198.97
149.274	1209.04
149.606	1200.31
149.938	1187.44
150.269	1205.79
150.601	1199.12
150.932	1190.87
151.263	1199.36
151.595	1198.96
151.927	1197.75
152.259	1190.42
152.589	1189.79
152.921	1202.55
153.253	1207.94
153.583	1205.43
153.915	1188.18
154.245	1207.45
154.577	1206.06
154.909	1198.21
155.239	1200.02
155.571	1202.8
155.902	1209.2
156.233	1199.49
156.564	1208.66
156.895	1201.41
157.226	1203.41
157.556	1191.2
157.888	1199.67
158.22	1189.43
158.55	1201.37
158.881	1197.82
159.211	1210.12
159.543	1200.1
159.873	1198.23
160.205	1208.33
160.535	1187.59
160.866	1193.68
161.196	1205.04
161.528	1200.35
161.858	1189.83
162.189	1199.08
162.519	1199.7
162.851	1199
163.18	1187.4
163.512	1198.77
163.842	1190.78
164.172	1200.43
164.503	1189.94
164.833	1208.39
165.164	1189.79
165.494	1191.06
165.824	1183.4
166.155	1219.44
166.485	1200.11
166.816	1201.81
167.146	1193.3
167.476	1197.26
167.807	1208.61
168.137	1188.6
168.466	1197
168.798	1205.77
169.127	1206.88
169.457	1198.24
169.788	1206.76
170.118	1196.18
170.447	1194.03
170.778	1197.79
171.108	1201.85
171.438	1200.41
171.769	1202.54
172.098	1200.79
172.428	1199.24
