-177.758	438.185
-177.403	429.619
-177.049	441.529
-176.694	432.268
-176.339	432.124
-175.985	435.418
-175.63	439.676
-175.274	438.974
-174.921	442.805
-174.565	432.183
-174.212	432.39
-173.856	433.197
-173.501	439.781
-173.148	437.473
-172.792	438.597
-172.437	443.893
-172.084	434.775
-171.729	442.652
-171.375	439.711
-171.02	444.547
-170.665	441.909
-170.311	438.193
-169.956	444.956
-169.603	441.889
-169.248	442.14
-168.895	447.053
-168.54	443.332
-168.186	443.402
-167.831	448.125
-167.478	447.056
-167.123	439.098
-166.77	451.304
-166.415	449.873
-166.061	451.279
-165.707	442.621
-165.353	454.737
-164.999	446.353
-164.645	455.186
-164.29	456.799
-163.937	449.23
-163.583	454.093
-163.229	454.054
-162.875	450.565
-162.521	454.291
-162.167	453.29
-161.814	455.907
-161.461	449.984
-161.106	455.324
-160.753	453.537
-160.398	458.776
-160.045	450.945
-159.692	459.01
-159.338	450.084
-158.985	455.913
-158.63	456.473
-158.277	460.937
-157.924	459.226
-157.57	455.635
-157.217	464.289
-156.864	454.656
-156.509	466.63
-156.157	463.546
-155.804	462.706
-155.449	461.774
-155.097	466.015
-154.744	469.282
-154.389	467.634
-154.037	475.666
-153.684	474.346
-153.33	477.787
-152.977	464.874
-152.624	473.541
-152.271	471.753
-151.917	469.582
-151.565	470.475
-151.212	472.107
-150.859	482.582
-150.505	477.502
-150.153	469.992
-149.8	473.659
-149.447	469.979
-149.093	469.857
-148.741	485.178
-148.388	481.603
-148.036	476.054
-147.683	473.561
-147.331	477.931
-146.977	476.544
-146.624	482.156
-146.272	480.062
-145.919	483.621
-145.567	481.67
-145.215	483.266
-144.861	479.081
-144.508	486.383
-144.156	482.128
-143.804	482.249
-143.451	484.921
-143.099	480.491
-142.747	494.815
-142.395	490.704
-142.041	487.879
-141.689	484.382
-141.336	489.989
-140.984	490.234
-140.632	495.616
-140.28	492.271
-139.928	488.382
-139.576	491.175
-139.223	484.122
-138.871	493.209
-138.519	496.17
-138.167	496.339
-137.815	495.574
-137.463	499.878
-137.111	498.233
-136.759	500.902
-136.407	503.936
-136.055	498.355
-135.703	495.031
-135.351	503.141
-134.999	500.282
-134.647	493.587
-134.295	508.778
-133.944	501.488
-133.592	504.281
-133.24	505.435
-132.888	511.179
-132.536	507.197
-132.184	510.936
-131.833	507.455
-131.481	510.303
-131.129	509.333
-130.779	511.284
-130.427	503.47
-130.075	510.122
-129.724	511.326
-129.372	515.27
-129.02	512.997
-128.669	515.599
-128.317	513.85
-127.967	518.49
-127.615	517.016
-127.264	516.658
-126.912	523.441
-126.561	521.511
-126.209	518.382
-125.859	520.814
-125.508	510.277
-125.156	519.118
-124.805	521.706
-124.453	513.384
-124.103	519.868
-123.752	521.726
-123.4	527.843
-123.049	529.524
-122.698	526.876
-122.348	525.88
-121.996	529.351
-121.645	527.653
-121.294	527.278
-120.944	517.01
-120.593	527.619
-120.241	524.085
-119.892	529.712
-119.54	523.884
-119.189	525.26
-118.838	526.037
-118.488	523.791
-118.137	527.431
-117.786	528.93
-117.436	522.441
-117.085	536.982
-116.734	543.029
-116.385	530.29
-116.033	533.384
-115.682	530.681
-115.333	532.053
-114.982	541.773
-114.632	541.788
-114.281	531.033
-113.93	543.714
-113.581	542.147
-113.23	544.901
-112.881	546.736
-112.53	547.035
-112.179	547.369
-111.829	544.788
-111.478	540.979
-111.129	534.458
-110.778	543.895
-110.429	551.344
-110.078	548.265
-109.727	546.027
-109.378	549.286
-109.027	545.853
-108.678	553.557
-108.327	556.776
-107.978	561.601
-107.627	554.466
-107.278	550.857
-106.927	555.159
-106.578	552.467
-106.228	560.616
-105.879	563.986
-105.528	551.601
-105.179	555.707
-104.828	558.606
-104.479	558.833
-104.13	559.923
-103.78	558.694
-103.431	556.36
-103.08	566.832
-102.731	570.211
-102.381	569.307
-102.032	571.199
-101.683	557.097
-101.332	565.557
-100.983	579.981
-100.633	569.998
-100.284	574.399
-99.9354	574.041
-99.585	576.246
-99.2362	584.307
-98.8874	569.711
-98.5371	581.189
-98.1883	583.037
-97.8396	583.779
-97.4893	574.162
-97.1406	582.684
-96.7919	586.595
-96.4416	582.147
-96.093	584.453
-95.7443	589.753
-95.3941	590.626
-95.0455	584.131
-94.6969	603.488
-94.3483	597.515
-93.9982	600.292
-93.6496	597.91
-93.3011	594.515
-92.9525	597.805
-92.6025	607.561
-92.254	607.693
-91.9055	606.382
-91.557	603.136
-91.207	613.212
-90.8586	610.213
-90.5101	617.826
-90.1617	615.637
-89.8133	620.019
-89.4634	610.797
-89.115	621.223
-88.7667	609.465
-88.4183	618.555
-88.07	620.232
-87.7217	625.989
-87.3719	629.851
-87.0236	621.478
-86.6754	629.237
-86.3271	637.296
-85.9789	635.689
-85.6307	625.53
-85.2825	633.996
-84.9343	633.745
-84.5846	643.034
-84.2364	638.408
-83.8883	649.618
-83.5402	651.401
-83.1921	654.753
-82.844	642.723
-82.4959	653.29
-82.1478	658.87
-81.7998	659.941
-81.4518	659.779
-81.1037	657.874
-80.7557	657.142
-80.4078	664.547
-80.0598	659.096
-79.7118	663.78
-79.3639	668.489
-79.016	674.839
-78.6681	682.107
-78.3202	675.631
-77.9723	671.868
-77.6244	683.493
-77.2766	680.174
-76.9288	686.692
-76.5809	688.495
-76.2331	681.811
-75.8854	695.745
-75.5376	692.82
-75.1898	698.354
-74.8421	706.381
-74.4944	707.624
-74.1466	708.787
-73.799	702.879
-73.4513	704.289
-73.1036	716.168
-72.7575	726.161
-72.4099	721.56
-72.0622	728.518
-71.7146	727.877
-71.3671	733.944
-71.0195	733.059
-70.6719	748.788
-70.3244	739.885
-69.9784	749.91
-69.6309	750.799
-69.2834	747.319
-68.9359	744.723
-68.5884	758.511
-68.241	761.612
-67.8951	779.516
-67.5477	772.195
-67.2003	773.532
-66.8529	791.43
-66.5055	770.461
-66.1597	790.796
-65.8123	795.205
-65.465	802.138
-65.1177	798.817
-64.7719	809.059
-64.4246	803.852
-64.0774	812.463
-63.7301	813.28
-63.3844	817.252
-63.0372	829.975
-62.69	832.926
-62.3443	844.904
-61.9971	836.439
-61.65	844.85
-61.3028	856.119
-60.9572	861.453
-60.6101	861.299
-60.263	867.081
-59.9175	891.942
-59.5704	880.294
-59.2233	891.053
-58.8778	890.254
-58.5308	907.928
-58.1838	913.625
-57.8383	911.23
-57.4913	919.592
-57.1459	942.795
-56.799	929.181
-56.452	933.957
-56.1066	949.189
-55.7597	962.714
-55.4144	954.624
-55.0675	969.84
-54.7206	971.402
-54.3753	973.117
-54.0285	985.944
-53.6832	992.566
-53.3364	996.458
-52.9912	988.66
-52.6444	991.895
-52.2992	1014.78
-51.9524	1007.46
-51.6073	1009.43
-51.2606	1009.38
-50.9154	1014.39
-50.5687	1030.47
-50.2236	1028.06
-49.8769	1033.6
-49.5318	1028.97
-49.1852	1040.23
-48.8402	1041.2
-48.4936	1055.85
-48.1485	1048.99
-47.802	1055.38
-47.457	1060.43
-47.1104	1055.11
-46.7655	1061.12
-46.4205	1066.43
-46.074	1060.97
-45.7291	1063.76
-45.3826	1064.67
-45.0377	1077.57
-44.6913	1080.95
-44.3464	1075.35
-44.0016	1082.06
-43.6552	1085.33
-43.3104	1085.92
-42.9656	1082.28
-42.6192	1097.05
-42.2744	1091.4
-41.9297	1089.27
-41.5834	1101.78
-41.2386	1098.19
-40.8939	1104.2
-40.5477	1105.51
-40.203	1102.46
-39.8583	1116.11
-39.5121	1107.9
-39.1675	1103.82
-38.8228	1123.99
-38.4767	1120.42
-38.1321	1120.08
-37.7875	1124.8
-37.4429	1121.86
-37.0968	1117.62
-36.7523	1118.22
-36.4078	1128.07
-36.0633	1130.43
-35.7172	1130.2
-35.3727	1128.24
-35.0283	1132.25
-34.6838	1127.94
-34.3379	1131.34
-33.9934	1141.61
-33.649	1137.95
-33.3046	1140.35
-32.9603	1151.15
-32.6159	1146.3
-32.27	1154.17
-31.9257	1164.38
-31.5814	1163.34
-31.2371	1163.99
-30.8928	1175.01
-30.5485	1172.03
-30.2027	1193.41
-29.8585	1174.71
-29.5142	1193.48
-29.17	1196.44
-28.8258	1204.59
-28.4816	1215.42
-28.1375	1218.25
-27.7933	1234.8
-27.4492	1229.06
-27.1035	1244.6
-26.7594	1258.06
-26.4153	1269.84
-26.0713	1266.32
-25.7272	1265.7
-25.3831	1279.6
-25.0391	1287.37
-24.6951	1289.17
-24.3511	1317.58
-24.0071	1336.38
-23.6631	1335.86
-23.3192	1367.39
-22.9752	1364.64
-22.6313	1372.42
-22.2874	1391.11
-21.9435	1409.67
-21.5996	1416.39
-21.2557	1435.99
-20.9119	1452.08
-20.568	1477.87
-20.2242	1485.38
-19.8804	1493.74
-19.5366	1528.54
-19.1928	1541.69
-18.8491	1544.23
-18.5068	1579.05
-18.1631	1619.04
-17.8194	1626.37
-17.4757	1644.65
-17.132	1668.53
-16.7883	1704.89
-16.4447	1739.66
-16.101	1769.42
-15.7574	1804.44
-15.4138	1846.57
-15.0717	1872.52
-14.7281	1910.39
-14.3845	1958.88
-14.041	2015.31
-13.6974	2051.27
-13.3539	2115.49
-13.0119	2153.44
-12.6684	2226.13
-12.325	2308
-11.9815	2371.07
-11.638	2453.95
-11.2961	2553.89
-10.9527	2624.55
-10.6093	2715.03
-10.2659	2841.13
-9.92254	2972.5
-9.5807	3077.88
-9.23736	3211.46
-8.89402	3398.56
-8.55071	3584.24
-8.20893	3798.66
-7.86564	4036.04
-7.52237	4330.22
-7.18064	4665.47
-6.8374	5017.76
-6.49417	5428.32
-6.15096	5892.06
-5.80928	6361.27
-5.4661	6978.6
-5.12293	7785.24
-4.7813	8408.06
-4.43817	8759.07
-4.09504	8815.53
-3.75346	8082.86
-3.41036	6079.33
-3.06729	3742.66
-2.72575	2668.17
-2.3827	3005.5
-2.04119	6905.48
-1.69817	24412
-1.35516	42303.1
-1.0137	42347.8
-0.670724	42392.7
-0.329289	42437.5
0.0136566	42482.7
0.356587	42527.9
0.697978	42572.9
1.04088	42440.3
1.38224	19021.9
1.72511	4477.19
2.06644	1981.5
2.40928	1504.23
2.75211	1308.77
3.0934	1831.83
3.43619	3532.41
3.77745	6027.84
4.12022	7742.62
4.46145	8127.99
4.80419	7885.73
5.14539	7413.73
5.48809	6575.21
5.82926	6000.05
6.17194	5554.71
6.51308	5173.26
6.85421	4880.66
7.19684	4637.01
7.53793	4344.77
7.88054	4075.99
8.2216	3875.64
8.56418	3675.31
8.90522	3468.96
9.24776	3315.55
9.58877	3170.41
9.92976	3011.57
10.2723	2915.11
10.6132	2832.39
10.9542	2688.93
11.2966	2631.73
11.6375	2534.52
11.98	2460.08
12.3209	2377.73
12.6617	2313.42
13.0041	2268.43
13.345	2190.87
13.6858	2150.9
14.0281	2108.06
14.3689	2062.94
14.7097	2005.45
15.052	1993.26
15.3928	1955.15
15.7335	1911.36
16.0742	1889.76
16.4165	1830.67
16.7572	1820.1
17.0978	1800.46
17.44	1769.98
17.7807	1737.29
18.1213	1723.1
18.462	1693.4
18.8041	1661.87
19.1447	1650.99
19.4853	1649.39
19.8258	1628.09
20.1664	1601.95
20.5084	1595.43
20.849	1573.37
21.1895	1556.8
21.5299	1542.64
21.8704	1516.94
22.2124	1527.58
22.5529	1505.06
22.8933	1494.46
23.2337	1474.67
23.5741	1469.37
23.9145	1460.37
24.2564	1451.28
24.5968	1437.92
24.9371	1440.49
25.2774	1423.47
25.6177	1414.66
25.958	1416.16
26.2983	1404.88
26.6386	1398.19
26.9789	1398.58
27.3191	1373.22
27.6608	1386.9
28.0011	1371.16
28.3413	1376.94
28.6814	1364.85
29.0216	1355.49
29.3618	1358.8
29.7019	1358.73
30.042	1344.05
30.3821	1345.45
30.7222	1337.87
31.0623	1343.03
31.4024	1337.88
31.7424	1325.33
32.0825	1319.35
32.4225	1321.44
32.7625	1304.93
33.1025	1311.82
33.4425	1317.79
33.7824	1310.36
34.1224	1313.38
34.4623	1313.4
34.8022	1305.39
35.1421	1292.98
35.482	1310.77
35.8204	1309
36.1602	1308.85
36.5001	1292.04
36.8399	1298.61
37.1797	1298.05
37.5195	1302.38
37.8593	1301.35
38.1991	1309.11
38.5389	1298.84
38.8771	1295.55
39.2168	1300.8
39.5565	1298.95
39.8962	1303.99
40.2359	1295.37
40.5756	1294.23
40.9152	1298.89
41.2534	1291.15
41.593	1291.92
41.9326	1295.29
42.2722	1296.56
42.6118	1295.59
42.9498	1291.87
43.2894	1292.67
43.6289	1279.97
43.9684	1286.3
44.3064	1280.51
44.6459	1287.38
44.9854	1283.81
45.3249	1273.64
45.6628	1271.81
46.0023	1280.96
46.3417	1288.44
46.6811	1285.36
47.019	1280.55
47.3583	1277.64
47.6977	1285.87
48.0355	1285.64
48.3749	1266.31
48.7142	1286.21
49.052	1266.02
49.3913	1269.36
49.7305	1265.62
50.0683	1253.02
50.4075	1255.28
50.7468	1260.18
51.0845	1248.01
51.4237	1249.34
51.7629	1243.67
52.1005	1250.56
52.4397	1238.67
52.7773	1222.97
53.1164	1228.73
53.4556	1248.42
53.7932	1223.4
54.1322	1230.11
54.4698	1217.26
54.8089	1201.53
55.1464	1217.29
55.4854	1187.65
55.8244	1188.38
56.1619	1197.44
56.5009	1178.28
56.8383	1179.67
57.1773	1173.17
57.5147	1162.16
57.8537	1148.94
58.1911	1131.07
58.53	1131.5
58.8673	1146.67
59.2062	1120
59.5435	1124.48
59.8824	1112.04
60.2197	1111.54
60.5585	1105.36
60.8958	1091.23
61.233	1083.24
61.5718	1076.38
61.909	1086.67
62.2478	1068.73
62.585	1061.28
62.9237	1062.62
63.2609	1044.69
63.5981	1045.41
63.9367	1054.04
64.2739	1048.48
64.611	1057.11
64.9496	1021.93
65.2867	1024.46
65.6253	1010.59
65.9623	1012
66.2994	1021.38
66.6379	1019.85
66.975	1013.17
67.312	1006.37
67.6505	1001.26
67.9875	1007.8
68.3244	1000.78
68.6629	994.153
68.9998	983.873
69.3367	992.681
69.6737	995.902
70.0121	992.65
70.3489	984.182
70.6858	975.133
71.0226	967.521
71.361	977.356
71.6978	951.245
72.0346	962.069
72.3714	960.449
72.7097	963.41
73.0465	957.867
73.3832	951.493
73.7199	954.449
74.0566	959.303
74.3949	941.767
74.7316	947.422
75.0682	947.854
75.4049	942.377
75.7415	929.859
76.0797	928.179
76.4163	927.77
76.7529	924.944
77.0895	927.646
77.4261	932.136
77.7626	929.849
78.0992	922.787
78.4357	929.184
78.7737	909.327
79.1102	913.943
79.4467	914.885
79.7832	909.027
80.1197	914.417
80.4561	913.386
80.7925	906.188
81.1289	907.73
81.4653	898.788
81.8017	903.869
82.1381	901.604
82.4745	906.893
82.8108	896.243
83.1471	896.672
83.4835	887.21
83.8198	900.95
84.156	906.002
84.4923	896.724
84.8286	897.185
85.1648	891.91
85.501	885.326
85.8373	881.273
86.1735	892.103
86.5096	883.681
86.8458	873.144
87.182	878.946
87.5181	891.006
87.8542	875.843
88.1904	879.589
88.5265	883.875
88.8625	883.886
89.1986	876.387
89.5347	877.585
89.8707	876.714
90.2052	877.527
90.5412	863.873
90.8772	878.821
91.2132	869.279
91.5492	868.094
91.8852	870.455
92.2211	861.577
92.5555	869.488
92.8914	862.361
93.2273	853.726
93.5632	860.745
93.8991	861.824
94.2349	863.947
94.5693	856.938
94.9051	858.456
95.2409	859.135
95.5767	856.438
95.9125	864.024
96.2468	868.676
96.5825	857.322
96.9183	859.628
97.254	861.006
97.5882	858.518
97.9239	858.558
98.2596	859.098
98.5952	860.827
98.9294	867.519
99.265	859.527
99.6007	862.334
99.9348	858.844
100.27	854.096
100.606	858.093
100.94	861.186
101.276	853.507
101.611	851.923
101.945	852.993
102.281	854.318
102.616	855.741
102.95	846.048
103.286	841.231
103.621	848.548
103.955	849.269
104.29	853.704
104.626	848.946
104.96	843.443
105.295	851.736
105.629	845.507
105.964	849.195
106.3	850.961
106.633	858.192
106.969	850.618
107.303	852.831
107.638	861.938
107.972	842.277
108.307	839.223
108.641	847.663
108.976	859.972
109.31	843.513
109.645	849.853
109.978	853.127
110.314	840.844
110.647	843.363
110.982	847.364
111.316	851.991
111.651	845.638
111.985	841.027
112.32	853.87
112.653	842.562
112.988	848.532
113.322	833.158
113.657	854.689
113.99	845.543
114.324	846.5
114.659	848.468
114.992	846.665
115.327	853.31
115.661	852.963
115.994	861.309
116.329	849.923
116.663	847.403
116.997	849.276
117.331	852.128
117.664	858.441
117.999	851.02
118.332	852.213
118.666	853.653
119	846.756
119.334	859.078
119.667	855.037
120.002	855.789
120.335	852.704
120.668	856.909
121.001	860.197
121.336	848.58
121.669	854.398
122.002	857.692
122.337	844.298
122.67	851.084
123.003	848.592
123.336	842.774
123.671	850.829
124.004	855.901
124.337	851.286
124.67	847.02
125.003	852.276
125.338	850.933
125.671	847.004
126.004	862.763
126.337	863.062
126.67	857.637
127.004	855.517
127.337	856.985
127.67	860.28
128.003	849.736
128.336	860.825
128.669	862.514
129.002	859.459
129.336	859.654
129.669	861.505
130.002	862.699
130.335	857.693
130.667	856.42
131	861.403
131.333	850.641
131.666	849.927
131.998	870.43
132.331	861.483
132.665	863.66
132.998	851.372
133.331	860.936
133.663	861.342
133.996	858.998
134.329	858.297
134.661	855.883
134.994	865.892
135.327	850.421
135.659	863.715
135.992	850.619
136.324	850.03
136.657	855.103
136.989	864.478
137.322	856.529
137.654	859.977
137.987	867.97
138.319	865.054
138.652	858.703
138.983	862.518
139.315	864.927
139.648	862.771
139.98	853.546
140.312	868.249
140.645	869.847
140.977	856.497
141.309	860.863
141.642	860.16
141.974	863.008
142.305	862.699
142.637	855.052
142.97	860.818
143.302	858.431
143.634	870.306
143.966	871.264
144.298	868.006
144.629	857.761
144.961	858.017
145.294	858.582
145.626	864.968
145.958	867.36
146.289	870.444
146.621	868.37
146.953	858.414
147.285	865.479
147.617	864.819
147.948	861.833
148.28	860.234
148.612	869.705
148.944	864.043
149.274	866.656
149.606	868.779
149.938	870.49
150.269	868.286
150.601	861.911
150.932	865.477
151.263	867.409
151.595	860.583
151.927	852.464
152.259	859.811
152.589	867.372
152.921	848.791
153.253	868.133
153.583	864.518
153.915	851.989
154.245	862.618
154.577	852.35
154.909	862.123
155.239	868.672
155.571	863.889
155.902	871.188
156.233	868.35
156.564	863.599
156.895	863.118
157.226	870.589
157.556	865.913
157.888	862.355
158.22	861.368
158.55	857.135
158.881	863.911
159.211	870.63
159.543	867.056
159.873	855.826
160.205	862.374
160.535	866.373
160.866	861.933
161.196	867.304
161.528	864.877
161.858	869.216
162.189	850.019
162.519	864.73
162.851	858.277
163.18	863.462
163.512	862.096
163.842	867.001
164.172	876.519
164.503	876.078
164.833	876.23
165.164	865.878
165.494	878.245
165.824	853.487
166.155	860.866
166.485	872.549
166.816	863.245
167.146	861.133
167.476	871.952
167.807	870.801
168.137	866.29
168.466	877.742
168.798	873.073
169.127	860.951
169.457	876.182
169.788	865.724
170.118	871.185
170.447	879.041
170.778	877.324
171.108	869.267
171.438	868.883
171.769	863.717
172.098	884.008
172.428	869.042
