-177.758	439.662
-177.403	438.734
-177.049	443.008
-176.694	441.633
-176.339	441.121
-175.985	442.198
-175.63	444.238
-175.274	437.741
-174.921	448.971
-174.565	437.115
-174.212	447.802
-173.856	436.032
-173.501	446.19
-173.148	440.06
-172.792	442.909
-172.437	444.263
-172.084	447.95
-171.729	447.576
-171.375	445.002
-171.02	451.93
-170.665	447.445
-170.311	448.404
-169.956	452.583
-169.603	451.361
-169.248	447.799
-168.895	456.402
-168.54	451.081
-168.186	452.504
-167.831	453.413
-167.478	453.941
-167.123	449.178
-166.77	452.779
-166.415	461.67
-166.061	455.333
-165.707	451.712
-165.353	454.245
-164.999	453.968
-164.645	456.66
-164.29	457.536
-163.937	459.425
-163.583	454.462
-163.229	453.194
-162.875	464.207
-162.521	458.839
-162.167	462.631
-161.814	467.581
-161.461	462.637
-161.106	457.903
-160.753	459.551
-160.398	457.794
-160.045	452.663
-159.692	465.634
-159.338	459.529
-158.985	462.538
-158.63	465.554
-158.277	468.3
-157.924	468.922
-157.57	467.539
-157.217	455.087
-156.864	467.783
-156.509	469.942
-156.157	470.047
-155.804	474.972
-155.449	471.098
-155.097	473.745
-154.744	469.159
-154.389	465.793
-154.037	473.211
-153.684	468.576
-153.33	486.872
-152.977	475.186
-152.624	471.086
-152.271	471.262
-151.917	481.362
-151.565	477.099
-151.212	478.976
-150.859	475.96
-150.505	479.832
-150.153	475.142
-149.8	487.759
-149.447	478.439
-149.093	481.505
-148.741	479.66
-148.388	487.856
-148.036	489.172
-147.683	478.832
-147.331	482.221
-146.977	485.124
-146.624	483.014
-146.272	485.21
-145.919	485.704
-145.567	491.229
-145.215	490.987
-144.861	493.42
-144.508	488.589
-144.156	491.44
-143.804	488.373
-143.451	495.819
-143.099	497.018
-142.747	496.161
-142.395	497.801
-142.041	493.753
-141.689	494.785
-141.336	494.763
-140.984	494.887
-140.632	500.76
-140.28	494.353
-139.928	503.327
-139.576	501.709
-139.223	502.493
-138.871	499.209
-138.519	487.723
-138.167	500.746
-137.815	506.344
-137.463	510.405
-137.111	506.558
-136.759	503.595
-136.407	503.079
-136.055	505.336
-135.703	505.564
-135.351	503.508
-134.999	512.523
-134.647	506.801
-134.295	502.174
-133.944	507.112
-133.592	509.659
-133.24	510.567
-132.888	520.711
-132.536	509.52
-132.184	507.147
-131.833	517.479
-131.481	517.76
-131.129	518.135
-130.779	518.009
-130.427	516.307
-130.075	523.938
-129.724	522.455
-129.372	511.478
-129.02	522.542
-128.669	523.8
-128.317	520.339
-127.967	518.98
-127.615	518.484
-127.264	521.307
-126.912	522.341
-126.561	524.81
-126.209	525.587
-125.859	524.353
-125.508	535.412
-125.156	528.635
-124.805	524.025
-124.453	528.027
-124.103	518.769
-123.752	525.634
-123.4	530.285
-123.049	528.547
-122.698	527.365
-122.348	526.613
-121.996	533.382
-121.645	527.653
-121.294	534.725
-120.944	532.755
-120.593	525.789
-120.241	536.04
-119.892	541.544
-119.54	529.86
-119.189	538.428
-118.838	539.447
-118.488	531.226
-118.137	531.941
-117.786	540.632
-117.436	538.657
-117.085	538.08
-116.734	545.713
-116.385	542.006
-116.033	537.901
-115.682	550.585
-115.333	540.112
-114.982	534.935
-114.632	549.357
-114.281	538.844
-113.93	551.645
-113.581	549.589
-113.23	544.535
-112.881	557.105
-112.53	556.185
-112.179	546.515
-111.829	546.862
-111.478	548.669
-111.129	554.235
-110.778	553.296
-110.429	556.105
-110.078	557.909
-109.727	556.037
-109.378	561.004
-109.027	562.331
-108.678	558.684
-108.327	566.908
-107.978	554.764
-107.627	553.978
-107.278	564.9
-106.927	565.05
-106.578	559.306
-106.228	562.326
-105.879	569.969
-105.528	563.566
-105.179	564.497
-104.828	570.325
-104.479	571.529
-104.13	562.242
-103.78	569.924
-103.431	570.031
-103.08	576.352
-102.731	577.656
-102.381	580.168
-102.032	579.985
-101.683	579.181
-101.332	583.612
-100.983	584.006
-100.633	583.169
-100.284	579.154
-99.9354	587.694
-99.585	581.486
-99.2362	588.816
-98.8874	582.991
-98.5371	591.3
-98.1883	590.71
-97.8396	596.443
-97.4893	586.58
-97.1406	592.3
-96.7919	580.632
-96.4416	596.263
-96.093	588.347
-95.7443	601.436
-95.3941	597.078
-95.0455	601.178
-94.6969	607.264
-94.3483	597.637
-93.9982	607.851
-93.6496	611.568
-93.3011	618.056
-92.9525	596.707
-92.6025	609.88
-92.254	610.012
-91.9055	618.956
-91.557	620.843
-91.207	619.32
-90.8586	618.522
-90.5101	619.659
-90.1617	620.771
-89.8133	628.089
-89.4634	629.629
-89.115	626.481
-88.7667	634.411
-88.4183	637.629
-88.07	627.567
-87.7217	639.064
-87.3719	628.263
-87.0236	636.615
-86.6754	647.174
-86.3271	637.296
-85.9789	646.176
-85.6307	643.576
-85.2825	654.239
-84.9343	659.724
-84.5846	660.479
-84.2364	653.173
-83.8883	652.913
-83.5402	670.563
-83.1921	665.006
-82.844	654.442
-82.4959	663.79
-82.1478	664.731
-81.7998	667.268
-81.4518	675.168
-81.1037	674.73
-80.7557	680.105
-80.4078	681.89
-80.0598	673.629
-79.7118	685.637
-79.3639	689.856
-79.016	697.183
-78.6681	693.097
-78.3202	692.73
-77.9723	694.101
-77.6244	703.653
-77.2766	702.537
-76.9288	706.856
-76.5809	705.848
-76.2331	698.306
-75.8854	718.835
-75.5376	727.266
-75.1898	723.88
-74.8421	719.204
-74.4944	727.898
-74.1466	723.688
-73.799	731.097
-73.4513	731.776
-73.1036	741.213
-72.7575	745.464
-72.4099	746.845
-72.0622	755.021
-71.7146	748.269
-71.3671	757.384
-71.0195	764.793
-70.6719	775.879
-70.3244	756.356
-69.9784	766.136
-69.6309	769.341
-69.2834	779.275
-68.9359	792.655
-68.5884	782.538
-68.241	794.667
-67.8951	795.619
-67.5477	801.233
-67.2003	799.035
-66.8529	800.339
-66.5055	823.062
-66.1597	805.563
-65.8123	824.124
-65.465	826.781
-65.1177	829.189
-64.7719	842.719
-64.4246	843.727
-64.0774	832.217
-63.7301	852.298
-63.3844	855.536
-63.0372	855.942
-62.69	861.45
-62.3443	880.25
-61.9971	889.09
-61.65	876.538
-61.3028	887.2
-60.9572	911.675
-60.6101	908.357
-60.263	901.34
-59.9175	918.764
-59.5704	927.96
-59.2233	930.181
-58.8778	943.153
-58.5308	953.392
-58.1838	956.046
-57.8383	975.481
-57.4913	961.785
-57.1459	967.798
-56.799	985.532
-56.452	989.204
-56.1066	997.837
-55.7597	1003.3
-55.4144	1005.91
-55.0675	1005.64
-54.7206	1019.49
-54.3753	1018.77
-54.0285	1037.56
-53.6832	1041.76
-53.3364	1050.17
-52.9912	1056.15
-52.6444	1063.78
-52.2992	1068.03
-51.9524	1077.65
-51.6073	1081.68
-51.2606	1084.42
-50.9154	1092.46
-50.5687	1094.03
-50.2236	1095.75
-49.8769	1107.97
-49.5318	1110.51
-49.1852	1110.32
-48.8402	1120.67
-48.4936	1114.63
-48.1485	1131.99
-47.802	1133.28
-47.457	1142.35
-47.1104	1138.74
-46.7655	1136.71
-46.4205	1154.2
-46.074	1154.6
-45.7291	1159.96
-45.3826	1157.25
-45.0377	1172.86
-44.6913	1169.69
-44.3464	1170.81
-44.0016	1179.85
-43.6552	1177.51
-43.3104	1169.19
-42.9656	1173.34
-42.6192	1195.64
-42.2744	1187.17
-41.9297	1198.08
-41.5834	1197.92
-41.2386	1193.98
-40.8939	1197.21
-40.5477	1196.12
-40.203	1188.33
-39.8583	1199.45
-39.5121	1202.5
-39.1675	1201.25
-38.8228	1205.57
-38.4767	1208.25
-38.1321	1206.08
-37.7875	1205.18
-37.4429	1191.12
-37.0968	1212.42
-36.7523	1195.42
-36.4078	1211.48
-36.0633	1198.93
-35.7172	1193.81
-35.3727	1200.99
-35.0283	1209.24
-34.6838	1213.58
-34.3379	1208.18
-33.9934	1207.34
-33.649	1214.64
-33.3046	1216.07
-32.9603	1211.14
-32.6159	1216.3
-32.27	1218.7
-31.9257	1208.41
-31.5814	1227.64
-31.2371	1221.22
-30.8928	1238.96
-30.5485	1232.33
-30.2027	1244.57
-29.8585	1233.33
-29.5142	1244.91
-29.17	1247.17
-28.8258	1256.07
-28.4816	1257.63
-28.1375	1258.76
-27.7933	1266.76
-27.4492	1284.41
-27.1035	1279.63
-26.7594	1300.55
-26.4153	1298.25
-26.0713	1305.26
-25.7272	1327.66
-25.3831	1328.22
-25.0391	1325.6
-24.6951	1338.81
-24.3511	1347.26
-24.0071	1369.77
-23.6631	1371.74
-23.3192	1377.35
-22.9752	1393.81
-22.6313	1395.45
-22.2874	1410.58
-21.9435	1435.92
-21.5996	1447.47
-21.2557	1480.76
-20.9119	1483.9
-20.568	1496.75
-20.2242	1524.87
-19.8804	1525.7
-19.5366	1542.11
-19.1928	1569.59
-18.8491	1588.19
-18.5068	1619.45
-18.1631	1643.02
-17.8194	1651.6
-17.4757	1674.11
-17.132	1722.54
-16.7883	1730.8
-16.4447	1762.12
-16.101	1790.29
-15.7574	1832.02
-15.4138	1882.01
-15.0717	1902.38
-14.7281	1945.37
-14.3845	1989.52
-14.041	2033.52
-13.6974	2059.14
-13.3539	2135.37
-13.0119	2188.38
-12.6684	2265.15
-12.325	2344.96
-11.9815	2398.02
-11.638	2468.59
-11.2961	2575.26
-10.9527	2692.5
-10.6093	2778.56
-10.2659	2874.24
-9.92254	3011.31
-9.5807	3143.16
-9.23736	3292.25
-8.89402	3459.59
-8.55071	3660.96
-8.20893	3906.87
-7.86564	4181.99
-7.52237	4484.29
-7.18064	4800.08
-6.8374	5153.57
-6.49417	5629.61
-6.15096	6085.31
-5.80928	6608.52
-5.4661	7314.29
-5.12293	8199.63
-4.7813	8922.18
-4.43817	9490.11
-4.09504	9791.09
-3.75346	9192.37
-3.41036	7115.64
-3.06729	4407.1
-2.72575	3108.14
-2.3827	3545.36
-2.04119	7533.59
-1.69817	23537.2
-1.35516	42303.1
-1.0137	42347.8
-0.670724	42392.7
-0.329289	42437.5
0.0136566	42482.7
0.356587	42527.9
0.697978	42572.9
1.04088	42581.1
1.38224	17340.9
1.72511	5277.54
2.06644	2087.86
2.40928	1571.89
2.75211	1430.47
3.0934	2114.24
3.43619	4029.06
3.77745	6668.3
4.12022	8340.32
4.46145	8639.07
4.80419	8252.45
5.14539	7715.1
5.48809	6935.34
5.82926	6315.62
6.17194	5808.66
6.51308	5425.21
6.85421	5043.13
7.19684	4728.4
7.53793	4437.8
7.88054	4155.04
8.2216	3949.93
8.56418	3775.92
8.90522	3556.77
9.24776	3423.26
9.58877	3243.71
9.92976	3114.21
10.2723	2975.14
10.6132	2897.07
10.9542	2787.53
11.2966	2696.24
11.6375	2612
11.98	2512.07
12.3209	2448.1
12.6617	2370.09
13.0041	2319.55
13.345	2267.46
13.6858	2202.58
14.0281	2152.87
14.3689	2116.33
14.7097	2054.5
15.052	2017.63
15.3928	1990.71
15.7335	1947.23
16.0742	1933.78
16.4165	1912.86
16.7572	1869.56
17.0978	1836.11
17.44	1797.91
17.7807	1772.45
18.1213	1759.7
18.462	1727.74
18.8041	1725.18
19.1447	1693.97
19.4853	1672.58
19.8258	1670.75
20.1664	1661.36
20.5084	1644.4
20.849	1616.68
21.1895	1598.01
21.5299	1587.62
21.8704	1576.68
22.2124	1543.94
22.5529	1560.85
22.8933	1540.72
23.2337	1524.95
23.5741	1521.22
23.9145	1506.36
24.2564	1496.04
24.5968	1479.51
24.9371	1474.88
25.2774	1469.92
25.6177	1458.17
25.958	1456.98
26.2983	1450.92
26.6386	1439.58
26.9789	1428.04
27.3191	1432.75
27.6608	1422.82
28.0011	1435.33
28.3413	1414.83
28.6814	1412.25
29.0216	1419.24
29.3618	1422.44
29.7019	1406.89
30.042	1404.27
30.3821	1389.33
30.7222	1405.35
31.0623	1408.77
31.4024	1384.6
31.7424	1388.68
32.0825	1396.51
32.4225	1405.61
32.7625	1390.41
33.1025	1383.94
33.4425	1382.38
33.7824	1390.13
34.1224	1400.44
34.4623	1389.29
34.8022	1383.83
35.1421	1389.73
35.482	1388.19
35.8204	1393.31
36.1602	1398.57
36.5001	1400.98
36.8399	1390.54
37.1797	1406.76
37.5195	1400.75
37.8593	1387.1
38.1991	1406.43
38.5389	1401.33
38.8771	1389.81
39.2168	1408.09
39.5565	1417.46
39.8962	1396.4
40.2359	1411.93
40.5756	1412.34
40.9152	1409.01
41.2534	1403.92
41.593	1413.13
41.9326	1406.12
42.2722	1408.48
42.6118	1400.27
42.9498	1417.1
43.2894	1413.68
43.6289	1396.06
43.9684	1400.73
44.3064	1397.74
44.6459	1395.71
44.9854	1395.94
45.3249	1391.14
45.6628	1409.1
46.0023	1392.15
46.3417	1381.73
46.6811	1380.25
47.019	1390.97
47.3583	1389.39
47.6977	1391.19
48.0355	1385.12
48.3749	1364.56
48.7142	1378.49
49.052	1360.95
49.3913	1349.01
49.7305	1353.97
50.0683	1355.52
50.4075	1354.39
50.7468	1337.64
51.0845	1334.79
51.4237	1321.13
51.7629	1342.12
52.1005	1335.45
52.4397	1313.04
52.7773	1311.14
53.1164	1300.9
53.4556	1311.12
53.7932	1300.09
54.1322	1284.5
54.4698	1287.93
54.8089	1265.53
55.1464	1263.76
55.4854	1265.97
55.8244	1245.1
56.1619	1249.22
56.5009	1235.38
56.8383	1225.66
57.1773	1222.42
57.5147	1214.42
57.8537	1198.29
58.1911	1210.89
58.53	1187.9
58.8673	1175.22
59.2062	1185.51
59.5435	1177.81
59.8824	1152.72
60.2197	1157.99
60.5585	1141.94
60.8958	1138.38
61.233	1125.57
61.5718	1131.55
61.909	1123.57
62.2478	1120.3
62.585	1098.79
62.9237	1113.72
63.2609	1104.47
63.5981	1091.01
63.9367	1080.63
64.2739	1096.26
64.611	1075.89
64.9496	1070.57
65.2867	1068.52
65.6253	1053.91
65.9623	1060.97
66.2994	1053.5
66.6379	1044.15
66.975	1042.28
67.312	1041.5
67.6505	1044.68
67.9875	1031.38
68.3244	1026.63
68.6629	1031.56
68.9998	1021.88
69.3367	1022.15
69.6737	1012.99
70.0121	1018.77
70.3489	1018.61
70.6858	1001.62
71.0226	993.523
71.361	1003.84
71.6978	996.009
72.0346	997.559
72.3714	1002.43
72.7097	990.712
73.0465	981.324
73.3832	983.498
73.7199	985.622
74.0566	979.53
74.3949	972.111
74.7316	966.087
75.0682	972.053
75.4049	970.299
75.7415	967.275
76.0797	974.72
76.4163	949.651
76.7529	952.59
77.0895	951.203
77.4261	946.199
77.7626	949.083
78.0992	953.687
78.4357	957.083
78.7737	957.313
79.1102	929.338
79.4467	940.743
79.7832	936.806
80.1197	933.895
80.4561	945.844
80.7925	928.062
81.1289	927.675
81.4653	926.413
81.8017	931.124
82.1381	930.409
82.4745	928.128
82.8108	914.473
83.1471	927.604
83.4835	922.689
83.8198	918.806
84.156	907.799
84.4923	905.352
84.8286	913.839
85.1648	903.532
85.501	914.322
85.8373	911.108
86.1735	904.565
86.5096	912.322
86.8458	902.149
87.182	895.609
87.5181	907.313
87.8542	892.393
88.1904	894.103
88.5265	893.951
88.8625	900.801
89.1986	891.141
89.5347	885.141
89.8707	888.466
90.2052	896.83
90.5412	892.165
90.8772	880.139
91.2132	886.062
91.5492	886.079
91.8852	885.327
92.2211	875.373
92.5555	880.648
92.8914	875.683
93.2273	874.133
93.5632	876.351
93.8991	879.591
94.2349	881.113
94.5693	875.544
94.9051	871.779
95.2409	877.859
95.5767	877.561
95.9125	885.865
96.2468	871.435
96.5825	864.879
96.9183	874.259
97.254	867.601
97.5882	877.7
97.9239	869.828
98.2596	870.73
98.5952	865.385
98.9294	871.959
99.265	866.85
99.6007	870.258
99.9348	873.613
100.27	863.46
100.606	866.613
100.94	864.064
101.276	875.806
101.611	863.908
101.945	875.043
102.281	874.81
102.616	868.925
102.95	855.159
103.286	862.691
103.621	860.777
103.955	862.574
104.29	861.253
104.626	852.18
104.96	866.074
105.295	863.706
105.629	872.43
105.964	856.972
106.3	863.881
106.633	856.158
106.969	856.242
107.303	868.746
107.638	862.536
107.972	853.884
108.307	860.88
108.641	855.918
108.976	850.042
109.31	855.956
109.645	850.092
109.978	857.674
110.314	849.942
110.647	850.666
110.982	855.506
111.316	866.119
111.651	859.645
111.985	854.073
112.32	861.288
112.653	850.936
112.988	852.24
113.322	857.318
113.657	857.679
113.99	861.213
114.324	859.18
114.659	864.143
114.992	852.649
115.327	853.31
115.661	858.113
115.994	864.065
116.329	855.319
116.663	866.84
116.997	873.164
117.331	867.499
117.664	854.958
117.999	861.83
118.332	866.145
118.666	857.615
119	860.439
119.334	860.398
119.667	863.314
120.002	862.985
120.335	863.739
120.668	863.387
121.001	870.876
121.336	864.421
121.669	868.08
122.002	860.452
122.337	864.694
122.67	866.556
123.003	880.962
123.336	859.073
123.671	870.959
124.004	857.818
124.337	862.429
124.67	856.966
125.003	864.263
125.338	862.203
125.671	860.675
126.004	865.641
126.337	861.743
126.67	868.787
127.004	870.261
127.337	876.16
127.67	869.027
128.003	867.706
128.336	861.544
128.669	868.264
129.002	867.006
129.336	866.363
129.669	866.658
130.002	875.399
130.335	873.148
130.667	869.955
131	866.551
131.333	870.749
131.666	872.061
131.998	864.57
132.331	875.233
132.665	861.986
132.998	873.969
133.331	866.915
133.663	869.235
133.996	866.055
134.329	868.347
134.661	865.814
134.994	870.918
135.327	866.697
135.659	873.53
135.992	873.605
136.324	877.095
136.657	869.119
136.989	883.172
137.322	870.073
137.654	870.166
137.987	860.658
138.319	868.889
138.652	866.012
138.983	866.711
139.315	874.028
139.648	874.025
139.98	877.372
140.312	868.129
140.645	882.422
140.977	870.393
141.309	871.047
141.642	873.582
141.974	865.285
142.305	869.291
142.637	868.237
142.97	876.999
143.302	875.571
143.634	879.655
143.966	883.969
144.298	874.958
144.629	873.581
144.961	865.207
145.294	868.526
145.626	872.395
145.958	885.562
146.289	871.162
146.621	867.772
146.953	864.755
147.285	876.244
147.617	877.614
147.948	873.192
148.28	871.473
148.612	871.737
148.944	875.164
149.274	877.778
149.606	868.779
149.938	871.925
150.269	882.04
150.601	869.325
150.932	876.116
151.263	873.982
151.595	878.738
151.927	869.895
152.259	865.898
152.589	868.565
152.921	865.137
153.253	882.092
153.583	868.933
153.915	864.759
154.245	881.119
154.577	884.82
154.909	870.122
155.239	869.627
155.571	866.755
155.902	877.877
156.233	872.173
156.564	881.76
156.895	881.282
157.226	878.834
157.556	879.178
157.888	879.801
158.22	877.855
158.55	868.243
158.881	876.451
159.211	872.063
159.543	886.401
159.873	865.5
160.205	873.245
160.535	877.725
160.866	874.605
161.196	874.599
161.528	884.139
161.858	876.276
162.189	876.713
162.519	879.695
162.851	891.919
163.18	871.004
163.512	879.929
163.842	870.83
164.172	875.562
164.503	876.914
164.833	870.852
165.164	870.896
165.494	878.843
165.824	885.487
166.155	885.694
166.485	874.458
166.816	878.873
167.146	882.363
167.476	880.896
167.807	879.148
168.137	877.856
168.466	880.724
168.798	884.883
169.127	886.607
169.457	891.7
169.788	888.65
170.118	885.995
170.447	879.877
170.778	884.371
171.108	883.956
171.438	880.224
171.769	897.85
172.098	889.854
172.428	882.761
