-177.758	472.298
-177.403	469.65
-177.049	467.524
-176.694	477.244
-176.339	474.029
-175.985	477.455
-175.63	469.02
-175.274	470.787
-174.921	482.018
-174.565	476.079
-174.212	476.16
-173.856	477.823
-173.501	478.361
-173.148	484.054
-172.792	473.832
-172.437	482.568
-172.084	486.613
-171.729	477.242
-171.375	485.983
-171.02	480.721
-170.665	474.141
-170.311	487.401
-169.956	484.445
-169.603	487.529
-169.248	482.984
-168.895	489.617
-168.54	473.715
-168.186	487.557
-167.831	481.452
-167.478	486.893
-167.123	484.951
-166.77	489.896
-166.415	480.225
-166.061	488.875
-165.707	483.407
-165.353	498.589
-164.999	497.326
-164.645	495.473
-164.29	492.42
-163.937	500.209
-163.583	492.917
-163.229	494.975
-162.875	499.358
-162.521	504.686
-162.167	492.867
-161.814	499.286
-161.461	491.875
-161.106	501.495
-160.753	505.703
-160.398	490.923
-160.045	498.174
-159.692	502.801
-159.338	498.416
-158.985	506.707
-158.63	496.599
-158.277	499.84
-157.924	502.179
-157.57	503.985
-157.217	501.589
-156.864	510.23
-156.509	501.1
-156.157	506.846
-155.804	512.754
-155.449	507.902
-155.097	502.334
-154.744	507.694
-154.389	511.943
-154.037	512.492
-153.684	511.788
-153.33	511.915
-152.977	501.578
-152.624	509.137
-152.271	510.043
-151.917	515.719
-151.565	519.178
-151.212	513.81
-150.859	514.591
-150.505	512.94
-150.153	514.379
-149.8	526.138
-149.447	517.308
-149.093	513.753
-148.741	520
-148.388	517.895
-148.036	524.726
-147.683	522.597
-147.331	527.207
-146.977	517.114
-146.624	525.052
-146.272	513.398
-145.919	520.266
-145.567	523.954
-145.215	531.433
-144.861	532.271
-144.508	525.108
-144.156	526.726
-143.804	531.368
-143.451	529.617
-143.099	529.459
-142.747	530.797
-142.395	536.348
-142.041	532.788
-141.689	532.111
-141.336	538.462
-140.984	539.086
-140.632	537.255
-140.28	541.755
-139.928	543.627
-139.576	534.535
-139.223	534.457
-138.871	539.126
-138.519	539.384
-138.167	535.263
-137.815	542.573
-137.463	550.429
-137.111	548.424
-136.759	541.184
-136.407	549.492
-136.055	540.732
-135.703	550.756
-135.351	548.447
-134.999	551.326
-134.647	541.795
-134.295	550.728
-133.944	546.233
-133.592	544.736
-133.24	554.316
-132.888	542.708
-132.536	553.884
-132.184	555.674
-131.833	544.985
-131.481	548.447
-131.129	557.258
-130.779	552.241
-130.427	551.274
-130.075	546.559
-129.724	563.914
-129.372	559.188
-129.02	555.094
-128.669	562.972
-128.317	556.947
-127.967	565.993
-127.615	554.837
-127.264	557.888
-126.912	562.323
-126.561	564.644
-126.209	563.931
-125.859	558.651
-125.508	566.161
-125.156	567.553
-124.805	568.314
-124.453	559.999
-124.103	564.055
-123.752	563.85
-123.4	564.482
-123.049	577.285
-122.698	566.212
-122.348	566.924
-121.996	568.314
-121.645	565.753
-121.294	574.158
-120.944	572.544
-120.593	574.963
-120.241	566.538
-119.892	575.817
-119.54	566.078
-119.189	579.761
-118.838	575.411
-118.488	568.405
-118.137	575.579
-117.786	578.665
-117.436	571.698
-117.085	579.18
-116.734	582.07
-116.385	583.135
-116.033	576.724
-115.682	573.907
-115.333	585.295
-114.982	586.951
-114.632	576.581
-114.281	583.026
-113.93	587.152
-113.581	581.796
-113.23	590.645
-112.881	588.577
-112.53	590.832
-112.179	591.173
-111.829	582.864
-111.478	583.7
-111.129	592.445
-110.778	587.968
-110.429	596.272
-110.078	598.928
-109.727	598.518
-109.378	595.914
-109.027	587.353
-108.678	594.815
-108.327	597.914
-107.978	591.756
-107.627	593.539
-107.278	604.221
-106.927	602.297
-106.578	608.642
-106.228	599.936
-105.879	609.041
-105.528	609.96
-105.179	603.684
-104.828	604.872
-104.479	599.849
-104.13	607.285
-103.78	617.163
-103.431	606.405
-103.08	618.584
-102.731	608.046
-102.381	622.271
-102.032	618.422
-101.683	613.954
-101.332	631.311
-100.983	620.109
-100.633	623.656
-100.284	625.487
-99.9354	625.606
-99.585	624.266
-99.2362	627.81
-98.8874	623.441
-98.5371	630.525
-98.1883	626.031
-97.8396	635.654
-97.4893	626.391
-97.1406	629.182
-96.7919	636.736
-96.4416	630.092
-96.093	643.47
-95.7443	631.374
-95.3941	642.361
-95.0455	646.355
-94.6969	634.674
-94.3483	635.659
-93.9982	639.67
-93.6496	650.104
-93.3011	654.405
-92.9525	648.069
-92.6025	644.169
-92.254	649.922
-91.9055	660.952
-91.557	660.042
-91.207	649.614
-90.8586	664.465
-90.5101	657.548
-90.1617	657.323
-89.8133	663.18
-89.4634	659.465
-89.115	652.162
-88.7667	675.377
-88.4183	670.519
-88.07	673.039
-87.7217	668.023
-87.3719	679.071
-87.0236	674.458
-86.6754	677.8
-86.3271	667.301
-85.9789	670.321
-85.6307	677.718
-85.2825	680.945
-84.9343	693.875
-84.5846	691.466
-84.2364	685.752
-83.8883	684.521
-83.5402	693.509
-83.1921	700.16
-82.844	697.412
-82.4959	702.858
-82.1478	697.332
-81.7998	703.049
-81.4518	713.274
-81.1037	710.64
-80.7557	711.741
-80.4078	709.737
-80.0598	716.861
-79.7118	711.036
-79.3639	717.573
-79.016	718.672
-78.6681	718.74
-78.3202	728.27
-77.9723	729.526
-77.6244	729.556
-77.2766	729.544
-76.9288	738.264
-76.5809	725.156
-76.2331	732.519
-75.8854	740.458
-75.5376	733.251
-75.1898	742.932
-74.8421	746.683
-74.4944	744.263
-74.1466	749.704
-73.799	754.185
-73.4513	751.69
-73.1036	748.299
-72.7575	755.604
-72.4099	749.411
-72.0622	765.646
-71.7146	771.225
-71.3671	765.075
-71.0195	774.924
-70.6719	769.412
-70.3244	768.07
-69.9784	780.653
-69.6309	794.103
-69.2834	786.471
-68.9359	787.411
-68.5884	800.102
-68.241	794.667
-67.8951	804.158
-67.5477	801.111
-67.2003	809.652
-66.8529	803.634
-66.5055	818.668
-66.1597	819.109
-65.8123	827.54
-65.465	828.123
-65.1177	825.896
-64.7719	824.425
-64.4246	832.63
-64.0774	841.728
-63.7301	843.031
-63.3844	842.368
-63.0372	837.289
-62.69	856.94
-62.3443	855.995
-61.9971	857.037
-61.65	880.194
-61.3028	868.43
-60.9572	879.372
-60.6101	886.413
-60.263	894.391
-59.9175	895.722
-59.5704	889.071
-59.2233	904.339
-58.8778	915.485
-58.5308	896.836
-58.1838	922.889
-57.8383	919.886
-57.4913	945.566
-57.1459	932.55
-56.799	938.817
-56.452	947.495
-56.1066	947.117
-55.7597	948.088
-55.4144	954.259
-55.0675	965.821
-54.7206	969.454
-54.3753	975.673
-54.0285	987.039
-53.6832	983.8
-53.3364	987.933
-52.9912	989.879
-52.6444	996.037
-52.2992	1011.24
-51.9524	1008.92
-51.6073	1027.95
-51.2606	1013.4
-50.9154	1032.66
-50.5687	1040.82
-50.2236	1042.79
-49.8769	1036.15
-49.5318	1051.61
-49.1852	1057.99
-48.8402	1063.96
-48.4936	1070.82
-48.1485	1072.6
-47.802	1088.12
-47.457	1092.32
-47.1104	1105.26
-46.7655	1106.89
-46.4205	1113.3
-46.074	1120.51
-45.7291	1130.61
-45.3826	1138.13
-45.0377	1145.32
-44.6913	1141.16
-44.3464	1161.91
-44.0016	1165.34
-43.6552	1163.49
-43.3104	1173.94
-42.9656	1202.84
-42.6192	1189.3
-42.2744	1191.44
-41.9297	1194.42
-41.5834	1202.18
-41.2386	1216.65
-40.8939	1232.56
-40.5477	1230.5
-40.203	1219.8
-39.8583	1230.68
-39.5121	1248.76
-39.1675	1245.69
-38.8228	1250.39
-38.4767	1257.23
-38.1321	1258.86
-37.7875	1259.06
-37.4429	1255.26
-37.0968	1261.89
-36.7523	1269.68
-36.4078	1262.28
-36.0633	1272.44
-35.7172	1274.26
-35.3727	1277.39
-35.0283	1270.13
-34.6838	1274.21
-34.3379	1276.72
-33.9934	1281.97
-33.649	1275.97
-33.3046	1290.57
-32.9603	1286.38
-32.6159	1290.69
-32.27	1286.39
-31.9257	1287.58
-31.5814	1288.88
-31.2371	1286.14
-30.8928	1298.64
-30.5485	1296.05
-30.2027	1299.26
-29.8585	1290.24
-29.5142	1301.72
-29.17	1308.16
-28.8258	1308.65
-28.4816	1322.59
-28.1375	1310.53
-27.7933	1320.38
-27.4492	1320.9
-27.1035	1329.84
-26.7594	1336.31
-26.4153	1356.9
-26.0713	1358.4
-25.7272	1361.09
-25.3831	1352.1
-25.0391	1365.29
-24.6951	1364.43
-24.3511	1389.95
-24.0071	1389.04
-23.6631	1401.96
-23.3192	1416.95
-22.9752	1416.21
-22.6313	1436.83
-22.2874	1442.74
-21.9435	1452.07
-21.5996	1467.57
-21.2557	1477.18
-20.9119	1510.67
-20.568	1506.37
-20.2242	1511.66
-19.8804	1536.07
-19.5366	1556.31
-19.1928	1564.28
-18.8491	1590.66
-18.5068	1623.15
-18.1631	1649.08
-17.8194	1657.05
-17.4757	1680.3
-17.132	1719.32
-16.7883	1728.57
-16.4447	1743.88
-16.101	1789.17
-15.7574	1852.9
-15.4138	1884.49
-15.0717	1905.36
-14.7281	1929.19
-14.3845	1977.19
-14.041	2023.17
-13.6974	2080.61
-13.3539	2133.99
-13.0119	2193.01
-12.6684	2283.34
-12.325	2321.08
-11.9815	2407.09
-11.638	2457.11
-11.2961	2566.91
-10.9527	2664.61
-10.6093	2762.8
-10.2659	2867.36
-9.92254	2981.82
-9.5807	3114.1
-9.23736	3254.62
-8.89402	3431.59
-8.55071	3614.62
-8.20893	3857.41
-7.86564	4098.38
-7.52237	4393.45
-7.18064	4714.74
-6.8374	5078.21
-6.49417	5527.67
-6.15096	5959.34
-5.80928	6458.22
-5.4661	7166.24
-5.12293	8068.65
-4.7813	8721.35
-4.43817	9203.32
-4.09504	9364.03
-3.75346	8684.25
-3.41036	6756.45
-3.06729	4537.85
-2.72575	3683.89
-2.3827	4793.76
-2.04119	11205.3
-1.69817	34806
-1.35516	42303.1
-1.0137	42347.8
-0.670724	42392.7
-0.329289	42437.5
0.0136566	42482.7
0.356587	42527.9
0.697978	42572.9
1.04088	42337.1
1.38224	17993.9
1.72511	5317.15
2.06644	2714.52
2.40928	1998.7
2.75211	1748.94
3.0934	2348.35
3.43619	4154.69
3.77745	6531.94
4.12022	8144.33
4.46145	8294.86
4.80419	8009.84
5.14539	7468.08
5.48809	6666.09
5.82926	6019.56
6.17194	5594.31
6.51308	5260.97
6.85421	4909.01
7.19684	4692
7.53793	4416.09
7.88054	4182.68
8.2216	3955.09
8.56418	3690.24
8.90522	3503.17
9.24776	3300.92
9.58877	3191.7
9.92976	3048.79
10.2723	2976.56
10.6132	2845.48
10.9542	2757.82
11.2966	2668.9
11.6375	2556.31
11.98	2480.29
12.3209	2423.76
12.6617	2339.99
13.0041	2300.87
13.345	2229.67
13.6858	2177.56
14.0281	2149.86
14.3689	2094.15
14.7097	2048.74
15.052	2031
15.3928	1999.44
15.7335	1957.45
16.0742	1936.15
16.4165	1897.46
16.7572	1864.6
17.0978	1829.67
17.44	1810.14
17.7807	1790.96
18.1213	1750.21
18.462	1732.78
18.8041	1702.07
19.1447	1703.67
19.4853	1688.53
19.8258	1681.17
20.1664	1646.17
20.5084	1643.66
20.849	1607.38
21.1895	1624.06
21.5299	1594.22
21.8704	1606.5
22.2124	1576.92
22.5529	1573.67
22.8933	1563.17
23.2337	1553.62
23.5741	1548.67
23.9145	1548.2
24.2564	1531.78
24.5968	1527.68
24.9371	1518.89
25.2774	1506.37
25.6177	1509.24
25.958	1489.63
26.2983	1504.02
26.6386	1480.13
26.9789	1479.9
27.3191	1491.19
27.6608	1493.92
28.0011	1481.98
28.3413	1471.48
28.6814	1477.94
29.0216	1477.02
29.3618	1486.81
29.7019	1468.71
30.042	1493.38
30.3821	1467.81
30.7222	1478.44
31.0623	1478.4
31.4024	1470.37
31.7424	1484.36
32.0825	1472.21
32.4225	1476.78
32.7625	1463.63
33.1025	1472.69
33.4425	1477.32
33.7824	1474.16
34.1224	1455.93
34.4623	1482.31
34.8022	1467.85
35.1421	1477.87
35.482	1476.3
35.8204	1473.49
36.1602	1478.83
36.5001	1470.54
36.8399	1464.05
37.1797	1477.09
37.5195	1478.55
37.8593	1449.99
38.1991	1448.02
38.5389	1459.23
38.8771	1449.5
39.2168	1456.78
39.5565	1459.75
39.8962	1443.15
40.2359	1441.88
40.5756	1449.29
40.9152	1434.85
41.2534	1425.89
41.593	1428.82
41.9326	1427.73
42.2722	1402.93
42.6118	1406.07
42.9498	1390.41
43.2894	1398.71
43.6289	1382.65
43.9684	1376.32
44.3064	1381.07
44.6459	1379.27
44.9854	1374.29
45.3249	1360.28
45.6628	1362.97
46.0023	1355.08
46.3417	1350.96
46.6811	1352.74
47.019	1346.85
47.3583	1331.82
47.6977	1316.41
48.0355	1325.38
48.3749	1316.95
48.7142	1300.62
49.052	1300.89
49.3913	1289.21
49.7305	1286.08
50.0683	1292.83
50.4075	1262.29
50.7468	1260.91
51.0845	1262.41
51.4237	1254.67
51.7629	1250.33
52.1005	1237.6
52.4397	1232.98
52.7773	1227.33
53.1164	1236.72
53.4556	1232.2
53.7932	1221.1
54.1322	1218.74
54.4698	1198.29
54.8089	1197.55
55.1464	1205.7
55.4854	1191.15
55.8244	1190.31
56.1619	1190.32
56.5009	1179.24
56.8383	1181
57.1773	1175.47
57.5147	1156.49
57.8537	1153.17
58.1911	1155.66
58.53	1141.26
58.8673	1145.95
59.2062	1140.47
59.5435	1126.89
59.8824	1120.22
60.2197	1126.94
60.5585	1120.04
60.8958	1100.5
61.233	1110.18
61.5718	1115.44
61.909	1110.35
62.2478	1091.33
62.585	1102.39
62.9237	1085.47
63.2609	1080.77
63.5981	1083.19
63.9367	1093.63
64.2739	1081.58
64.611	1066.74
64.9496	1059.49
65.2867	1073.45
65.6253	1062.46
65.9623	1059.89
66.2994	1067.7
66.6379	1052.21
66.975	1049.38
67.312	1053.53
67.6505	1050.45
67.9875	1043.53
68.3244	1039.74
68.6629	1032.88
68.9998	1032.95
69.3367	1028.17
69.6737	1031.16
70.0121	1032.25
70.3489	1024.03
70.6858	1025.94
71.0226	1013.51
71.361	1023.58
71.6978	1023.33
72.0346	1020.06
72.3714	1020.23
72.7097	1015.49
73.0465	1008.99
73.3832	1009.13
73.7199	1009.45
74.0566	1003.85
74.3949	994.629
74.7316	1005.46
75.0682	999.743
75.4049	1008.45
75.7415	992.78
76.0797	990.594
76.4163	995.456
76.7529	996.584
77.0895	1001.08
77.4261	996.201
77.7626	987.311
78.0992	980.739
78.4357	998.81
78.7737	977.277
79.1102	994.886
79.4467	984.641
79.7832	979.257
80.1197	983.314
80.4561	985.395
80.7925	976.016
81.1289	978.018
81.4653	968.452
81.8017	970.987
82.1381	971.936
82.4745	971.319
82.8108	966.643
83.1471	965.489
83.4835	962.363
83.8198	958.952
84.156	962.44
84.4923	958.431
84.8286	956.733
85.1648	967.514
85.501	952.064
85.8373	943.579
86.1735	947.702
86.5096	957.261
86.8458	950.93
87.182	952.071
87.5181	958.752
87.8542	960.752
88.1904	956.117
88.5265	950.213
88.8625	948.546
89.1986	946.68
89.5347	938.034
89.8707	939.071
90.2052	946.108
90.5412	936.642
90.8772	940.797
91.2132	941.808
91.5492	947.229
91.8852	933.419
92.2211	938.234
92.5555	940.766
92.8914	942.896
93.2273	928.271
93.5632	942.738
93.8991	930.491
94.2349	936.093
94.5693	929.44
94.9051	938.996
95.2409	931.39
95.5767	938.289
95.9125	932.666
96.2468	920.628
96.5825	929.176
96.9183	917.552
97.254	920.237
97.5882	929.852
97.9239	928.696
98.2596	931.169
98.5952	923.206
98.9294	928.241
99.265	918.229
99.6007	927.051
99.9348	937.489
100.27	933.444
100.606	932.371
100.94	932.191
101.276	929.038
101.611	920.24
101.945	925.853
102.281	921.427
102.616	927.292
102.95	931.996
103.286	922.993
103.621	923.716
103.955	919.991
104.29	921.171
104.626	920.46
104.96	928.578
105.295	927.861
105.629	929.148
105.964	920.979
106.3	918.554
106.633	915.261
106.969	913.317
107.303	911.824
107.638	910.521
107.972	923.405
108.307	911.252
108.641	926.626
108.976	918.716
109.31	915.541
109.645	920.096
109.978	920.031
110.314	916.501
110.647	929.088
110.982	917.888
111.316	926.463
111.651	915.789
111.985	923.73
112.32	927.458
112.653	928.218
112.988	923.29
113.322	916.522
113.657	931.714
113.99	923.531
114.324	912.057
114.659	919.303
114.992	923.983
115.327	920.837
115.661	921.238
115.994	932.855
116.329	920.31
116.663	923.349
116.997	921.78
117.331	930.304
117.664	932.791
117.999	927.413
118.332	936.041
118.666	926.052
119	933.172
119.334	930.228
119.667	924.85
120.002	929.313
120.335	921.913
120.668	939.805
121.001	934.349
121.336	923.345
121.669	924.607
122.002	926.696
122.337	922.885
122.67	929.763
123.003	926.881
123.336	924.99
123.671	933.384
124.004	936.651
124.337	930.245
124.67	933.184
125.003	943.497
125.338	925.631
125.671	931.069
126.004	938.677
126.337	936.453
126.67	923.102
127.004	926.241
127.337	939.915
127.67	941.396
128.003	930.361
128.336	912.695
128.669	932.594
129.002	927.027
129.336	927.588
129.669	923.692
130.002	936.867
130.335	929.936
130.667	932.001
131	933.845
131.333	931.671
131.666	941.812
131.998	935.969
132.331	942.071
132.665	931.328
132.998	920.477
133.331	943.562
133.663	930.35
133.996	931.488
134.329	931.636
134.661	927.556
134.994	931.827
135.327	927.133
135.659	936.728
135.992	941.727
136.324	936.734
136.657	935.606
136.989	944.406
137.322	937.555
137.654	938.854
137.987	950.44
138.319	936.363
138.652	937.301
138.983	950.315
139.315	943.84
139.648	940.116
139.98	931.729
140.312	930.036
140.645	940.627
140.977	937.355
141.309	946.889
141.642	952.432
141.974	936.594
142.305	930.895
142.637	941.708
142.97	945.917
143.302	950.123
143.634	944.259
143.966	945.458
144.298	940.759
144.629	936.622
144.961	935.191
145.294	952.516
145.626	928.454
145.958	941.726
146.289	941.674
146.621	942.091
146.953	928.762
147.285	940.712
147.617	949.244
147.948	935.964
148.28	950.502
148.612	932.237
148.944	944.756
149.274	939.486
149.606	943.41
149.938	935.077
150.269	928.085
150.601	938.799
150.932	945.57
151.263	936.716
151.595	942.043
151.927	946.904
152.259	939.777
152.589	930.017
152.921	933.145
153.253	941.392
153.583	938.5
153.915	935.29
154.245	939.964
154.577	942.599
154.909	949.637
155.239	952.614
155.571	944.498
155.902	940.224
156.233	948.03
156.564	941.738
156.895	952.023
157.226	953.046
157.556	948.728
157.888	943.489
158.22	949.655
158.55	934.774
158.881	941.178
159.211	941.202
159.543	941.808
159.873	943.368
160.205	940.739
160.535	930.305
160.866	948.007
161.196	947.313
161.528	954.009
161.858	941.86
162.189	939.917
162.519	947.935
162.851	960.998
163.18	943.069
163.512	953.057
163.842	936.758
164.172	944.219
164.503	952.721
164.833	947.347
165.164	949.753
165.494	930.68
165.824	946.979
166.155	957.075
166.485	945.341
166.816	956.775
167.146	941.998
167.476	945.171
167.807	944.014
168.137	950.832
168.466	951.206
168.798	943.931
169.127	940.543
169.457	958.906
169.788	950.386
170.118	949.656
170.447	945.456
170.778	955.321
171.108	951.309
171.438	948.154
171.769	948.334
172.098	946.41
172.428	950.996
