300.84641 -0.005877196099546955
301.62112732292917 -0.005456257957188071
302.39584464585835 -0.0050453257269865714
303.1705619687875 -0.004624382971754937
303.9452792917167 -0.004223433311588143
304.7199966146458 -0.003812472667523048
305.494713937575 -0.0034115031702403043
306.2694312605042 -0.003010504386274593
307.04414858343335 -0.002619477007376858
307.81886590636253 -0.002228413921304795
308.5935832292917 -0.0018373149224365504
309.3683005522209 -0.001446156902416229
310.14301787515006 -0.0010649387855414805
310.91773519807924 -0.0006936517459255054
311.6924525210084 -0.0003122945970083224
312.46716984393754 5.9157320473568475e-05
313.2418871668667 0.0004207054870697391
314.0166044897959 0.00079235117158305
314.7913218127251 0.0011541192351768315
315.56603913565425 0.001506010944723024
316.3407564585834 0.001868035159634296
317.1154737815126 0.0022201928175805685
317.8901911044418 0.0025625086501996908
318.66490842737096 0.0029049832194322223
319.43962575030014 0.003247624995026399
320.21434307322926 0.003590434139717935
320.98906039615844 0.003923435229315486
321.7637777190876 0.004256628119880146
322.5384950420168 0.004590020738700518
323.31321236494597 0.004913612588682725
324.08792968787515 0.005237427950739781
324.8626470108043 0.005551466071794797
325.6373643337335 0.005865725798799404
326.4120816566626 0.006180231460834906
327.1867989795918 0.006494981705672309
327.961516302521 0.006799983631828321
328.73623362545015 0.007105235421099088
329.51095094837933 0.007400761338994033
330.2856682713085 0.007696559376913825
331.0603855942377 0.007992636152285848
331.83510291716686 0.008278989367463185
332.60982024009604 0.008565643106902443
333.3845375630252 0.008852594846510908
334.1592548859544 0.009139841851463881
334.9339722088835 0.009417408241499059
335.7086895318127 0.00969529107279632
336.4834068547419 0.009963496363327162
337.25812417767105 0.010232020799720076
338.0328415006002 0.010500888518008122
338.8075588235294 0.010760096173371148
339.5822761464586 0.011029649337223613
340.35699346938776 0.011279544471324177
341.1317107923169 0.01153980554362044
341.90642811524606 0.01179042883979986
342.68114543817524 0.01204141972738304
343.4558627611044 0.012282774098962501
344.2305800840336 0.012524516199084568
345.00529740696277 0.012766641771487452
345.78001472989195 0.013009146384864168
346.5547320528211 0.013242054430069539
347.3294493757503 0.013475361340739678
348.1041666986795 0.013699072192899342
348.87888402160866 0.013923182113477539
349.6536013445378 0.01414771567428319
350.42831866746695 0.014372667967309627
351.20303599039613 0.01458804390385815
351.9777533133253 0.0148038382524327
352.7524706362545 0.015010075809848145
353.52718795918366 0.015216751305550558
354.30190528211284 0.015423869449359695
355.076622605042 0.015631424815839123
355.85133992797114 0.015829442288597728
356.6260572509003 0.016027916345533355
357.4007745738295 0.01622684131294827
358.1754918967587 0.016416242288457172
358.95020921968785 0.01660611349929708
359.724926542617 0.01679645943069996
360.4996438655462 0.016977274158477274
361.2743611884754 0.01715858288802463
362.04907851140456 0.017340379593050015
362.82379583433374 0.01751266867747714
363.5985131572629 0.01769544375857146
364.37323048019203 0.017858730427194658
365.1479478031212 0.018032522221673286
365.9226651260504 0.018196823455012723
366.69738244897957 0.018361627464058006
367.47209977190874 0.018516959938920774
368.2468170948379 0.018682814162544692
369.0215344177671 0.01883918341090074
369.7962517406962 0.018986093453574493
370.5709690636254 0.019143537302446334
371.3456863865546 0.01929151901128967
372.12040370948375 0.019430031461490804
372.89512103241293 0.019579100468459565
373.6698383553421 0.01971871895607602
374.4445556782713 0.019858890671677565
375.21927300120046 0.019989608231522182
375.99399032412964 0.020120897665276694
376.7687076470588 0.020252751474946318
377.543424969988 0.020385162002357737
378.3181422929172 0.02050815546543494
379.0928596158463 0.020631724090173442
379.86757693877547 0.02075587139012436
380.64229426170465 0.02087058947863296
381.4170115846338 0.0209959044634509
382.191728907563 0.02110180852559751
382.9664462304922 0.02121830485343945
383.74116355342136 0.021325385280684617
384.5158808763505 0.021433076157966302
385.29059819927966 0.02154136913659266
386.06531552220883 0.021640267451247586
386.840032845138 0.02173976240851261
387.6147501680672 0.021839880614511697
388.38946749099637 0.02194061337010811
389.16418481392554 0.022031951870347233
389.9389021368547 0.022123922698317866
390.7136194597839 0.0222065170162854
391.4883367827131 0.02229973759175441
392.26305410564225 0.022383575371730857
393.03777142857143 0.022468057004022546
393.81248875150055 0.022543173334647393
394.58720607442973 0.02261892700306467
395.3619233973589 0.022695308523227542
396.1366407202881 0.022772344764099173
396.91135804321726 0.022850026149003555
397.68607536614644 0.022918355248949474
398.4607926890756 0.02298732214715593
399.23551001200474 0.023046953917504776
400.0102273349339 0.023107240601919266
400.7849446578631 0.023168172136416088
401.55966198079227 0.023229775585518753
402.33437930372145 0.023292040792693314
403.1090966266506 0.02334496999006197
403.8838139495798 0.023398552746437207
404.658531272509 0.023452816190991488
405.43324859543816 0.0234977499189869
406.20796591836734 0.023543355881045946
406.9826832412965 0.0235896233820454
407.7574005642257 0.023636579621686193
408.5321178871548 0.02367421385969959
409.306835210084 0.023712527867316147
410.08155253301317 0.023751510631445205
410.85626985594234 0.023791189428003068
411.6309871788715 0.023821553185386923
412.4057045018007 0.02385259058064304
413.1804218247299 0.023884329006976235
413.955139147659 0.023916757084359364
414.7298564705882 0.023939876338443078
415.50457379351735 0.02396367510796038
416.27929111644653 0.02398818084781884
417.0540084393757 0.024003381920880473
417.8287257623049 0.02402927951195577
418.60344308523406 0.024045861819742553
419.37816040816324 0.02405315632411975
420.1528777310924 0.024071150938587915
420.9275950540216 0.024079846863027
421.7023123769508 0.02408923175725297
422.47702969987995 0.02409933324071689
423.25174702280907 0.024110138970025896
424.02646434573825 0.024111636497494482
424.8011816686674 0.02411385341543304
425.5758989915966 0.02411677714515692
426.3506163145258 0.024120408445528985
427.12533363745496 0.024114734556022088
427.90005096038414 0.024109783115893957
428.67476828331326 0.024105541233591987
429.44948560624243 0.024102009475055808
430.2242029291716 0.02408917476692085
430.9989202521008 0.024077064795454017
431.77363757502997 0.024065666356352988
432.54835489795914 0.024054966140447887
433.3230722208883 0.024044991808857885
434.0977895438175 0.02402573004806141
434.8725068667467 0.024007181023698476
435.64722418967585 0.02398933110513879
436.42194151260503 0.023972208028537945
437.1966588355342 0.023945798140876606
437.9713761584634 0.023920101424948825
438.7460934813925 0.023895103929216788
439.5208108043217 0.023870833465481578
440.29552812725086 0.02383727604189423
441.07024545018004 0.023814431400399405
441.8449627731092 0.023782285445519524
442.61968009603834 0.02375086588933517
443.3943974189675 0.023710158460751862
444.1691147418967 0.023680148580537574
444.94383206482587 0.02364086425386902
445.71854938775505 0.023602290842527962
446.4932667106842 0.023564427859692927
447.2679840336134 0.02351726057265946
448.0427013565426 0.023480816780118374
448.81741867947176 0.02343508172477804
449.59213600240093 0.023390054679422234
450.3668533253301 0.02334572055135009
451.1415706482593 0.02329210735604359
451.91628797118847 0.023249199821484767
452.69100529411764 0.023196997189263047
453.46572261704677 0.023145484007036754
454.24043993997594 0.023094688259696516
455.0151572629051 0.023034594524476426
455.7898745858343 0.02298518713190756
456.5645919087635 0.02292649416107606
457.3393092316926 0.022868499886578242
458.1140265546218 0.02281120312307272
458.88874387755095 0.02274458805356583
459.6634612004801 0.02268868255769152
460.4381785234093 0.022623470792890954
461.2128958463385 0.022558951341545952
461.98761316926766 0.022495108075848314
462.76233049219684 0.022431968961500903
463.537047815126 0.022359517827849062
464.3117651380552 0.022287753086200124
465.08648246098437 0.02222665829997894
465.86119978391355 0.022156261520253295
466.6359171068427 0.022076546258763652
467.4106344297719 0.02200749577638128
468.185351752701 0.02192913827482479
468.9600690756302 0.021861456887127262
469.7347863985594 0.021784449859084343
470.50950372148856 0.021708100209495873
471.28422104441773 0.021622436095543596
472.05893836734685 0.021547440411386898
472.83365569027603 0.02146311122886635
473.6083730132052 0.021389431294128403
474.3830903361344 0.021306428714862213
475.15780765906356 0.02122408622821237
475.93252498199274 0.02113238652871019
476.7072423049219 0.021051358259419506
477.4819596278511 0.021200981866809077
478.2566769507803 0.020881258349758403
479.03139427370945 0.020792166328827633
479.80611159663863 0.020703736580428678
480.5808289195678 0.020565950891061502
481.355546242497 0.020658805372159805
482.13026356542616 0.020752286013785537
482.9049808883553 0.020846414584618445
483.67969821128446 0.01994118130449629
484.45441553421364 0.020036573143961123
485.2291328571428 0.020132582565625667
486.003850180072 0.020229230333601467
486.7785675030011 0.020326500756920884
487.5532848259303 0.019424378104157425
488.32800214885947 0.019522885326900608
489.10271947178865 0.019622006614222864
489.8774367947178 0.019721739024040175
490.652154117647 0.0198220613521225
491.4268714405762 0.018923012338516454
492.20158876350536 0.019024560069878627
492.97630608643453 0.019126706762961132
493.7510234093637 0.019229436373564668
494.5257407322929 0.01933277154290447
495.30045805522207 0.0194366961500696
496.07517537815124 0.019541206943372802
496.8498927010804 0.018646287724364496
497.62461002400954 0.018751960979180193
498.3993273469387 0.01885821043299496
499.1740446698679 0.0189650199543141
499.9487619927971 0.019102411271365694
500.72347931572625 0.019170368882681754
501.4981966386554 0.019268888717861143
502.27291396158455 0.019397954646779625
503.0476312845137 0.01955758836706767
503.8223486074429 0.01975777345107388
504.5970659303721 0.020008506167609408
505.37178325330126 0.02029977243375891
506.14650057623044 0.02064158959379303
506.9212178991596 0.021053943096633665
507.6959352220888 0.02151682909337449
508.47065254501797 0.022060236253997112
509.24536986794715 0.022674175799679785
510.0200871908763 0.023368636097551132
510.7948045138055 0.02414360906965385
511.5695218367347 0.025019098983021792
512.3442391596639 0.025985097245206257
513.1189564825929 0.02706159972698763
513.8936738055222 0.028248603405322315
514.6683911284513 0.02954610217193654
515.4431084513806 0.03095409233408286
516.2178257743096 0.03248256940170868
516.9925430972388 0.03414153608319215
517.767260420168 0.03591097444405
518.5419777430972 0.037820886491946704
519.3166950660263 0.03984126764826923
520.0914123889555 0.04198212685344238
520.8661297118847 0.04424343380558349
521.6408470348139 0.04662519679414501
522.415564357743 0.04910742921796485
523.1902816806722 0.051680091489692326
523.9649990036014 0.054353196381365265
524.7397163265306 0.05709673968580076
525.5144336494598 0.05991073881614317
526.2891509723889 0.06276514605679029
527.0638682953181 0.06565997854041494
527.8385856182472 0.0685752319045676
528.6133029411765 0.0714909248598451
529.3880202641055 0.0743770070354618
530.1627375870348 0.07723349700534321
530.9374549099639 0.08003041159782598
531.7121722328931 0.082737703845284
532.4868895558222 0.08534539109361006
533.2616068787514 0.08783346875473708
534.0363242016806 0.09017194765785552
534.8110415246098 0.09234079254711758
535.585758847539 0.09433001502866611
536.3604761704681 0.0961096107265701
537.1351934933973 0.09767958021359346
537.9099108163265 0.09900990793399245
538.6846281392557 0.10009059564672473
539.4593454621848 0.10092163925106212
540.234062785114 0.10147302643078404
541.0087801080432 0.10176476680146107
541.7834974309724 0.10176684932867464
542.5582147539014 0.10149925050988418
543.3329320768307 0.10094200318990054
544.1076493997598 0.10012508526606223
544.8823667226891 0.0990284918896639
545.6570840456181 0.09768218582590737
546.4318013685473 0.09608622694900348
547.2065186914765 0.09425057937506487
547.9812360144057 0.09220523849340145
548.7559533373349 0.08995015570407305
549.530670660264 0.08751541358104642
550.3053879831932 0.08491096448898672
551.0801053061224 0.08215680416663129
551.8548226290516 0.07928287591863914
552.6295399519807 0.0763092783745013
553.4042572749099 0.07325595565937248
554.1789745978391 0.0701328483715945
554.9536919207683 0.0669800617294144
555.7284092436975 0.06380753644026316
556.5031265666266 0.06062526799200252
557.2778438895557 0.05747319638174164
558.052561212485 0.054341428124713986
558.827278535414 0.051269903049747434
559.6019958583433 0.048268616646096496
560.3767131812724 0.045337512200912755
561.1514305042017 0.042496690219590016
561.9261478271308 0.03975609355989518
562.7008651500599 0.0371157175686786
563.4755824729891 0.034595510688962716
564.2502997959183 0.032195563424621265
565.0250171188475 0.029915823695232602
565.7997344417766 0.027756244771957705
566.5744517647058 0.025716907190154403
567.349169087635 0.0238077635309617
568.1238864105642 0.022018809545978346
568.8986037334934 0.020350004783616038
569.6733210564225 0.018801417220851047
570.4480383793516 0.017363005773275653
571.2227557022809 0.01604476569758706
571.99747302521 0.014816662295643601
572.7721903481392 0.013698751931579545
573.5469076710683 0.012660999271570383
574.3216249939976 0.011723372917562758
575.0963423169267 0.010865921657790545
575.871059639856 0.010078613694454841
576.645776962785 0.009371444363096004
577.4204942857142 0.008724386031874642
578.1952116086434 0.008147479777358968
578.9699289315726 0.007610697725581095
579.7446462545017 0.007144034884688066
580.5193635774309 0.006707466387431249
581.2940809003601 0.0063210278276718546
582.0687982232893 0.00597469392074268
582.8435155462184 0.005668459689859517
583.6182328691476 0.005392302016605233
584.3929501920768 0.005146252637200477
585.1676675150059 0.004930288171570263
585.9423848379352 0.004554388435156542
586.7171021608642 0.004698577793370351
587.4918194837935 0.004842837164265479
588.2665368067226 0.003987165634395828
589.0412541296519 0.004261531813437691
589.8159714525809 0.004205971694734578
590.5906887755102 0.004180461190593676
591.3654060984393 0.004174995258802494
592.1401234213685 0.004209554334467569
592.9148407442976 0.004264162239605351
593.6895580672268 0.0043587992340280435
594.464275390156 0.0044934600859724005
595.2389927130852 0.004658127188601924
596.0137100360143 0.004872820476243711
596.7884273589435 0.005127522104913296
597.5631446818727 0.005432216153186009
598.3378620048019 0.005796918762201564
599.112579327731 0.006211613786304526
599.8872966506601 0.006686295981079282
600.6620139735894 0.007230952475728358
601.4367312965185 0.007855593255474802
602.2114486194478 0.008550205148250889
602.9861659423768 0.0093247827430879
603.7608832653061 0.010179317216196249
604.5356005882352 0.01113381051910789
605.3103179111645 0.01217825340178802
606.0850352340935 0.013322640199016189
606.8597525570227 0.01457696703498279
607.6344698799519 0.01593122604778119
608.4091872028811 0.0173954127495084
609.1839045258102 0.018979527487122838
609.9586218487394 0.0206735532106741
610.7333391716686 0.02248748958756064
611.5080564945978 0.024421331161694093
612.282773817527 0.026475084320787934
613.057491140456 0.028638720043100307
613.8322084633853 0.030922244071881155
614.6069257863144 0.033315650786012174
615.3816431092437 0.03581895236548738
616.1563604321727 0.03842210834718418
616.931077755102 0.04111513040888193
617.7057950780311 0.043898012725849034
618.4805124009604 0.046760772150331475
619.2552297238894 0.04969335902144467
620.0299470468187 0.05268578964846682
620.8046643697478 0.055718082998180596
621.579381692677 0.058790184518805355
622.3540990156062 0.06187211312521412
623.1288163385353 0.06495386325966568
623.9035336614645 0.06801545416027277
624.6782509843937 0.07105683057035594
625.4529683073229 0.07403801194961579
626.227685630252 0.07695899273876139
627.0024029531812 0.07978978906778456
627.7771202761103 0.0825103516782224
628.5518375990396 0.0851206969369962
629.3265549219686 0.08759083587927752
630.1012722448979 0.0899007292977132
630.875989567827 0.09204038918278257
631.6507068907563 0.09398980960283465
632.4254242136853 0.09574899224621114
633.2001415366146 0.09727791629751925
633.9748588595437 0.09859658442101782
634.749576182473 0.09966499109228166
635.524293505402 0.10050312597656619
636.2990108283312 0.10108099149500349
637.0737281512604 0.10140857861804897
637.8484454741896 0.10148588206084086
638.6231627971188 0.10130287859236731
639.397880120048 0.10085959607283967
640.1725974429771 0.1001660124727799
640.9473147659063 0.09923209463961158
641.7220320888355 0.09804789133084546
642.4967494117645 0.0966433705498817
643.2714667346938 0.09501852625644325
644.0461840576229 0.09319331407366982
644.8209013805522 0.09117780491818117
645.5956187034813 0.08898195542328002
646.3703360264105 0.08662575985271326
647.1450533493396 0.08413916533133248
647.9197706722689 0.08152225966959781
648.694487995198 0.0788049907014432
649.4692053181273 0.07600735286385663
650.2439226410563 0.0731392887832989
651.0186399639855 0.07024089553601698
651.7933572869147 0.06731211619846411
652.5680746098438 0.06438289276301623
653.342791932773 0.06147332422165097
654.1175092557022 0.05860335240450465
654.8922265786314 0.05579297167046959
655.6669439015606 0.05307212677743223
656.4416612244897 0.05044091153825547
657.2163785474188 0.04793927015003796
657.9910958703481 0.045577196907052975
658.7658131932772 0.043384643639256426
659.5405305162064 0.04138169050860152
660.3152478391355 0.03960828847899134
661.0899651620648 0.0380844313231149
661.8646824849939 0.03686008350020542
662.6393998079232 0.03596530089205929
663.4141171308522 0.035460046358330666
664.1888344537815 0.03538429998687653
664.9635517767106 0.03580808530770352
665.7382690996398 0.03679137950669148
666.5129864225689 0.03842417697099343
667.2877037454981 0.040776489558505324
668.0624210684273 0.04392827879472272
668.8371383913565 0.04796955250278062
669.6118557142856 0.05298030378880547
670.3865730372148 0.059040592881962506
671.161290360144 0.06621028765318582
671.9360076830731 0.07453944332855411
672.7107250060023 0.0840480510185106
673.4854423289314 0.09474623135943355
674.2601596518607 0.10659373624247587
675.0348769747898 0.11952067903716634
675.8095942977191 0.13341722087657837
676.5843116206481 0.14811302608212384
677.3590289435774 0.16341825254053505
678.1337462665065 0.17909289602194495
678.9084635894358 0.19486714041248676
679.6831809123648 0.21043060427441018
680.457898235294 0.22546347190587596
681.2326155582232 0.23963573995128878
682.0073328811524 0.2526275543748516
682.7820502040815 0.2641386026610623
683.5567675270107 0.27387903552091053
684.3314848499399 0.28163892601877716
685.1062021728691 0.28723810527979443
685.8809194957983 0.2905566593131107
686.6556368187273 0.2915545775413791
687.4303541416566 0.2902618176203628
688.2050714645857 0.2867584378574557
688.979788787515 0.2812044062299257
689.754506110444 0.2738097151856476
690.5292234333733 0.26482422425144486
691.3039407563024 0.2545381845265156
692.0786580792317 0.2432414631308672
692.8533754021607 0.23125405385275366
693.62809272509 0.2188857743678369
694.4028100480191 0.20640696363496636
695.1775273709483 0.19408744286963592
695.9522446938774 0.1821470392753351
696.7269620168066 0.17076608065263532
697.5016793397358 0.16008439082696946
698.276396662665 0.1502119647194715
699.0511139855942 0.1412086681853993
699.8258313085233 0.13310475504421038
700.6005486314525 0.1258700871425888
701.3752659543816 0.11949465863463382
702.1499832773109 0.11390837970792378
702.9247006002399 0.10905141824745318
703.6994179231692 0.10484368042974668
704.4741352460983 0.10120515967611576
705.2488525690276 0.09804579704537791
706.0235698919566 0.09528569841026979
706.7982872148859 0.09286480162247146
707.573004537815 0.0906930595086794
708.3477218607443 0.08873055018609899
709.1224391836734 0.08691722556237891
709.8971565066025 0.08521308018939078
710.6718738295317 0.08358807357680043
711.4465911524609 0.08203226984736994
712.2213084753901 0.08050562822424967
712.9960257983192 0.07901814280807862
713.7707431212484 0.07755977513225598
714.5454604441776 0.07613058496603603
715.3201777671068 0.07474053357040389
716.0948950900358 0.07338961502229036
716.8696124129651 0.0720977928985066
717.6443297358942 0.07087512272637086
718.4190470588235 0.06975156778347247
719.1937643817525 0.06872709549977701
719.9684817046818 0.06782175388642697
720.7431990276109 0.06706550954142598
721.5179163505402 0.06647835668162949
722.2926336734693 0.0660702709126712
723.0673509963985 0.06587128428143935
723.8420683193276 0.06589137140091506
724.6167856422568 0.06615052613356837
725.391502965186 0.06667873613074254
726.1662202881151 0.06747601006380577
726.9409376110443 0.06857233431965465
727.7156549339735 0.06997770855164465
728.4903722569027 0.07169211710542861
729.2650895798319 0.07374555747271683
730.039806902761 0.07613802462887886
730.8145242256901 0.07886953516341283
731.5892415486194 0.08194003965800228
732.3639588715484 0.08535955289953356
733.1386761944777 0.0891280692471148
733.9133935174068 0.09322562303060994
734.6881108403361 0.09764213014744555
735.4628281632652 0.1023776231445539
736.2375454861944 0.107402095954448
737.0122628091235 0.11270559825343374
737.7869801320528 0.11824801550421038
738.5616974549819 0.12400939596755478
739.336414777911 0.12996979756517485
740.1111321008402 0.13607908764580018
740.8858494237694 0.1422973235661646
741.6605667466986 0.14860449979601392
742.4352840696278 0.1549406790026014
743.2100013925569 0.16127571898855236
743.9847187154861 0.16755968243243213
744.7594360384153 0.1737325638033667
745.5341533613444 0.1797644213114361
746.3088706842736 0.18560512066531004
747.0835880072027 0.1912047209329067
747.858305330132 0.19652321692999275
748.6330226530611 0.20151065330065532
749.4077399759904 0.20613692155307395
750.1824572989194 0.21035206778451976
750.9571746218487 0.21412612034027922
751.7318919447778 0.21742900405536503
752.5066092677071 0.22023074981077284
753.2813265906361 0.22251135108127035
754.0560439135653 0.22425080988485202
754.8307612364945 0.22543910251376276
755.6054785594237 0.22607623365558932
756.3801958823528 0.22614219773080085
757.154913205282 0.22564696787656946
757.9296305282112 0.2246105766402936
758.7043478511404 0.22303300004986176
759.4790651740695 0.2209442332173146
760.2537824969986 0.21836422251493648
761.0284998199279 0.2153230532203243
761.803217142857 0.21184067463723455
762.5779344657863 0.20797701685882297
763.3526517887153 0.2037522007233833
764.1273691116446 0.199226157913926
764.9020864345737 0.19442888211301967
765.676803757503 0.18941028905135116
766.451521080432 0.1842205281748498
767.2262384033613 0.1789195161056676
768.0009557262904 0.1735472468657291
768.7756730492196 0.16814363174156532
769.5503903721487 0.1627688297898226
770.3251076950779 0.15747275247415038
771.0998250180071 0.15229539350702065
771.8745423409363 0.14727666953367857
772.6492596638655 0.1424667303933283
773.4239769867946 0.13789549194759898
774.1986943097238 0.13360288084418787
774.9734116326529 0.12962902688872796
775.7481289555822 0.12598385523342903
776.5228462785112 0.12270736010599637
777.2975636014405 0.11981948650765573
778.0722809243696 0.11733032878050748
778.8469982472989 0.11526982986748913
779.6217155702279 0.11363798347813042
780.3964328931572 0.11244475668088044
781.1711502160863 0.11169020082155101
781.9458675390156 0.11138428077192586
782.7205848619446 0.11151698119051534
783.4953021848738 0.11207831683553893
784.270019507803 0.11306826978005474
785.0447368307322 0.11447683517375762
785.8194541536614 0.11627401884967414
786.5941714765905 0.11844979337814543
787.3688887995197 0.12098416265167578
788.1436061224489 0.12385712106795549
788.9183234453781 0.1270286921737261
789.6930407683071 0.1304888135129264
790.4677580912364 0.1341875071371224
791.2424754141655 0.13811476692148905
792.0171927370948 0.1422206283366842
792.7919100600238 0.14647500510779315
793.5666273829531 0.15084793148441583
794.3413447058822 0.15528944674387185
795.1160620288115 0.15976945533337478
795.8907793517405 0.16425799639946076
796.6654966746697 0.168695064386774
797.4402139975989 0.17307069719878965
798.2149313205281 0.17732480143165896
798.9896486434573 0.1814274156530022
799.7643659663864 0.1853585341432077
800.5390832893156 0.18905818640121264
801.3138006122448 0.19252629523736747
802.088517935174 0.19571289115395368
802.8632352581031 0.1985879690288726
803.6379525810323 0.20115154305444283
804.4126699039614 0.20337356497885972
805.1873872268907 0.20524405072484392
805.9621045498197 0.20673300082388957
806.736821872749 0.20786039583450872
807.5115391956781 0.20861623809468077
808.2862565186074 0.2089905213083556
809.0609738415365 0.20901322679364287
809.8356911644657 0.20867437258485566
810.6104084873948 0.20801394171655918
811.385125810324 0.2070319285018371
812.1598431332532 0.20576829795704932
812.9345604561823 0.2042531001733222
813.7092777791115 0.20251630171022927
814.4839951020407 0.200597896985296
815.2587124249699 0.19853784110416434
816.033429747899 0.19637620440072445
816.8081470708282 0.1941629429943444
817.5828643937574 0.1919280105607264
818.3575817166866 0.18973148197011586
819.1322990396158 0.18761331054165975
819.9070163625449 0.18562349028798147
820.6817336854741 0.18378198038202553
821.4564510084033 0.18213884545760073
822.2311683313325 0.180724043732034
823.0058856542615 0.1795675690103073
823.7806029771907 0.1786993931188151
824.5553203001199 0.17811955650929612
825.3300376230491 0.17785802964018804
826.1047549459782 0.1779047969594149
826.8794722689074 0.1782698732107868
827.6541895918366 0.17892324108873853
828.4289069147658 0.17987489541926155
829.203624237695 0.18107483512447153
829.9783415606241 0.18250304613956714
830.7530588835533 0.18411952627051142
831.5277762064825 0.18588426999138913
832.3024935294117 0.18774728446444627
833.0772108523408 0.18965853901786667
833.85192817527 0.1915480404946856
834.6266454981992 0.19338578326361733
835.4013628211284 0.195081772348351
836.1760801440576 0.19660598053523815
836.9507974669867 0.19787841314192056
837.7255147899158 0.19884906463349566
838.500232112845 0.19947792786025753
839.2749494357741 0.19969499963923537
840.0496667587033 0.19948027340382546
840.8243840816325 0.19879372210742258
841.5991014045617 0.19759538088349787
842.3738187274909 0.19587522509362798
843.14853605042 0.1936132489204247
843.9232533733492 0.19080939791800267
844.6979706962784 0.1874637603487364
845.4726880192076 0.18358628445880176
846.2474053421367 0.17918696523612182
847.0221226650659 0.1743157214283939
847.7968399879951 0.16898269367938507
848.5715573109243 0.16322780343691318
849.3462746338535 0.15711095408673847
850.1209919567826 0.15066232014537756
850.8957092797118 0.14394180637553555
851.670426602641 0.13700940625244667
852.44514392557 0.12990501111616182
853.2198612484992 0.12268881962823097
853.9945785714284 0.11541072367802652
854.7692958943576 0.10814071707781375
855.5440132172868 0.10090869009580594
856.3187305402159 0.09377484444171058
857.0934478631451 0.08677907011706038
857.8681651860743 0.07996136075406096
858.6428825090035 0.07335161504282114
859.4175998319326 0.06700001922031415
860.1923171548618 0.06090647103094815
860.967034477791 0.0551108800452684
861.7417518007202 0.0496334101742483
862.5164691236494 0.04446396960730434
863.2911864465785 0.03962255279186902
864.0659037695077 0.03511908611453826
864.8406210924369 0.030943700860626505
865.6153384153661 0.027096321774035814
866.3900557382952 0.02356694286940414
867.1647730612243 0.020345507250051936
867.9394903841535 0.01742211342331193
868.7142077070827 0.014776702928096741
869.4889250300118 0.012409269210710727
870.263642352941 0.010289769671639942
871.0383596758702 0.008398274527805755
871.8130769987994 0.006734739187884642
872.5877943217286 0.005269129085223312
873.3625116446577 0.003991495824419711
874.1372289675869 0.0028718037928948115
874.9119462905161 0.0019100467428111445
875.6866636134453 0.0010861979362573881
876.4613809363744 0.00038029232977396243
877.2360982593036 -0.0002176977000299396
878.0108155822328 -0.0007177788729575418
878.785532905162 -0.0011399727856304664
879.5602502280911 -0.0014742552383274765
880.3349675510203 -0.0017506479283967702
881.1096848739495 -0.001979169351812027
881.8844021968786 -0.002149799946091574
882.6591195198077 -0.0022825576637595657
883.4338368427369 -0.0026574460762107954
884.2085541656661 -0.002904479160258683
884.9832714885953 -0.0021536493767997933
885.7579888115245 -0.0024049572490935645
886.5327061344536 -0.00265841093566338
887.3074234573828 -0.0029140211773779068
888.082140780312 -0.002171777305450151
888.8568581032412 -0.0024316800096254587
889.6315754261703 -0.0026937344840711752
890.4062927490995 -0.0019579538768976223
891.1810100720287 -0.002224312068418166
891.9557273949579 -0.002492821267110923
892.730444717887 -0.0017634932321473062
893.5051620408162 -0.0020363004954858377
894.2798793637454 -0.00231125395653059
895.0545966866746 -0.001588355472271541
895.8293140096038 -0.0018676022335036568
896.6040313325328 -0.0021489763273130624
897.378748655462 -0.001432489695576744
898.1534659783912 -0.0017181279528258042
898.9281833013204 -0.0010059066252836313
899.7029006242495 -0.0012957935063696024
900.4776179471787 -0.0015877966454946602
901.2523352701079 -0.0008819170277250543
902.0270525930371 -0.0011781438041147951
902.8017699159662 -0.0014764638724150125
903.5764872388954 -0.0007768817588956478
904.3512045618246 -0.0010793876525105883
905.1259218847538 -0.00038397782577179185
905.900639207683 -0.0006906374706955598
906.6753565306121 -0.0009993659409030797
907.4500738535413 -0.0003101695019514794
908.2247911764705 -0.0006230139752849695
908.9995084993997 6.20881191392697e-05
909.7742258223288 -0.00025484587988036655
910.5489431452579 -0.0005738251833203867
911.3236604681871 0.00010517277700458627
912.0983777911163 -0.00021784565148205703
912.8730951140454 0.0004571162310637311
913.6478124369746 0.00013007467255210514
914.4225297599038 0.0008010338792049931
915.197247082833 0.00047000466275951003
915.9719644057622 0.00013698272622431062
916.7466817286913 0.0008019841012959772
917.5213990516205 0.00046501989603689453
918.2961163745497 0.0011260866528771118
919.0708336974789 0.0007851923802235095
919.845551020408 0.0004423569944077832
920.6202683433372 0.0010975729551744584
921.3949856662664 0.0007508573766938365
922.1697029891956 0.001402196313406462
922.9444203121247 0.001051624774248
923.7191376350539 0.001699132183838492
924.4938549579831 0.0013447256796645102
925.2685722809122 0.0014784198568507378
926.0432896038413 0.0015502166756646008
926.8180069267705 0.0016201221205693617
927.5927242496997 0.0016881351993903726
928.3674415726289 0.0017642767147004468
929.142158895558 0.0018285456669624722
929.9168762184872 0.0018909481357905489
930.6915935414164 0.0019514828389116112
931.4663108643456 0.0020101705183243612
932.2410281872748 0.0020770097161857404
933.0157455102039 0.002322005332463656
933.7904628331331 0.001945161154588454
934.5651801560623 0.0025664880560642422
935.3398974789915 0.0021859934140191772
936.1146148019207 0.0028036663244836724
936.8893321248498 0.0024195382059850057
937.664049447779 0.002033601693944981
938.4387667707082 0.00264585810527157
939.2134840936374 0.0022563177506207677
939.9882014165664 0.002864983460015902
940.7629187394956 0.0024718676613224577
941.5376360624248 0.0030769652454231966
942.312353385354 0.0026802881230661157
943.0870707082831 0.0032818388968548773
943.8617880312123 0.002881627938953496
944.6365053541415 0.002479655911279688
945.4112226770707 0.0030759148817355586
946.1859399999998 0.002670435587834946
946.960657322929 0.003263206532523405
947.7353746458582 0.0028542359837603337
948.5100919687874 0.003443526157860588
949.2848092917166 0.003031090296879868
950.0595266146457 0.003616922683754603
950.8342439375749 0.0032010331986965512
951.6089612605041 0.003783423843075673
952.3836785834333 0.003364105816676982
953.1583959063624 0.003943073190094515
953.9331132292916 0.003520337460553302
954.7078305522207 0.004095900418641357
955.4825478751499 0.0036697712252691528
956.257265198079 0.004241943741185306
957.0319825210082 0.003812431083361101
957.8066998439374 0.004381234633283854
958.5814171668666 0.004418360402285271
959.3561344897957 0.004573804337885373
960.1308518127249 0.004747582118071886
960.9055691356541 0.00492969203706925
961.6802864585833 0.005130137932712858
962.4550037815125 0.005348919336980701
963.2297211044416 0.005596048645353041
964.0044384273708 0.005851525286293735
964.7791557503 0.0061353528163426985
965.5538730732292 0.0064475318369851264
966.3285903961583 0.006788072163622233
967.1033077190875 0.007156974147177642
967.8780250420167 0.007554241190848188
968.6527423649459 0.007989875341019415
969.427459687875 0.008473882900425306
970.2021770108041 0.00898626573409353
970.9768943337333 0.0095470273698543
971.7516116566625 0.010146170617537115
972.5263289795917 0.010803698629727188
973.3010463025208 0.01150961464606498
974.07576362545 0.012273924871003566
974.8504809483792 0.013106626296496532
975.6251982713084 0.013987724886309422
976.3999155942375 0.014947223381949093
977.1746329171667 0.01597513141214768
977.9493502400959 0.017071439060275445
978.7240675630251 0.01825615534902192
979.4987848859543 0.01950929299238585
980.2735022088834 0.02086083518826054
981.0482195318126 0.0222907940798249
981.8229368547418 0.023819172420930845
982.597654177671 0.02544598735025755
983.3723715006001 0.027161212803882534
984.1470888235292 0.028984865205846755
984.9218061464584 0.030916947060037975
985.6965234693876 0.03295748079496419
986.4712407923167 0.03510642936692415
987.2459581152459 0.03736381464534247
988.0206754381751 0.03974963875723597
988.7953927611043 0.042243930306445104
989.5701100840334 0.04486664031481749
990.3448274069626 0.04759779672979719
991.1195447298918 0.05046743271528914
991.894262052821 0.05345548934678318
992.6689793757502 0.056561999243976424
993.4436966986793 0.05979696498542933
994.2184140216085 0.06316042629513713
994.9931313445377 0.0666423114992202
995.7678486674669 0.07025265962638325
996.542565990396 0.07399147307853601
997.3172833133252 0.07784879812907117
998.0920006362544 0.08182455026936022
998.8667179591835 0.08591877509393028
999.6414352821126 0.09013147478511865
1000.4161526050418 0.09446270170952292
1001.190869927971 0.09890235931652325
1001.9655872509002 0.10344049936575248
1002.7403045738293 0.10809717832613139
1003.5150218967585 0.11285229063863483
1004.2897392196877 0.11769589241655815
1005.0644565426169 0.1226379861448679
1005.8391738655461 0.12767863331695517
1006.6138911884752 0.13278771868962239
1007.3886085114044 0.1379853032095735
1008.1633258343336 0.14325138934937873
1008.9380431572628 0.14857604250749118
1009.712760480192 0.1539691395619437
1010.4874778031211 0.15942074556780533
1011.2621951260503 0.16491086291784374
1012.0369124489795 0.1704495595249936
1012.8116297719087 0.17600670713791275
1013.5863470948377 0.18160237339634638
1014.3610644177669 0.1872066273225662
1015.1357817406961 0.19281933831438014
1015.9104990636253 0.19843057530139416
1016.6852163865544 0.20403034073014567
1017.4599337094836 0.20959870317802348
1018.2346510324128 0.2151455327040379
1019.009368355342 0.2206508980163609
1019.7840856782711 0.22609480165806795
1020.5588030012003 0.23147730956407206
1021.3335203241295 0.23677829671775097
1022.1082376470587 0.24199782937570746
1022.8829549699878 0.24710596998044154
1023.657672292917 0.2521126005677182
1024.4323896158462 0.2569877843830234
1025.2071069387753 0.2617315235059547
1025.9818242617046 0.2663238737409833
1026.7565415846339 0.2707647302759717
1027.531258907563 0.27503414973975715
1028.305976230492 0.27913213442422957
1029.080693553421 0.2830387313372788
1029.8554108763503 0.28676385282109185
1030.6301281992796 0.2902875468154638
1031.4048455222087 0.29360981595892477
1032.1795628451378 0.2967306970311373
1032.954280168067 0.2996601221977412
1033.7289974909963 0.3023781293283626
1034.5037148139254 0.3048947473785946
1035.2784321368545 0.3072299248835399
1036.0531494597838 0.3093736919615869
1036.827866782713 0.31132605062105445
1037.602584105642 0.31311702052261553
1038.3773014285712 0.3147465686632187
1039.1520187515005 0.3162247155908191
1039.9267360744298 0.31756146361977566
1040.7014533973588 0.31876682512299465
1041.4761707202879 0.31985078167156333
1042.2508880432172 0.32082334629416437
1043.0256053661462 0.3216945215064461
1043.8003226890755 0.3224543142300947
1044.5750400120046 0.32312271706229284
1045.3497573349337 0.3236997373981192
1046.124474657863 0.32416537838591
1046.8991919807922 0.32452964074831026
1047.6739093037213 0.32478252816298825
1048.4486266266504 0.3249140428909989
1049.2233439495797 0.3249141819183622
1049.998061272509 0.32476295802459026
1050.772778595438 0.3244503689370165
1051.547495918367 0.32395641718817897
1052.3222132412964 0.3232810909963406
1053.0969305642257 0.32241442001997667
1053.8716478871547 0.3213263935541449
1054.6463652100838 0.3200270143766791
1055.421082533013 0.31850625992519804
1056.1957998559424 0.3167741808405472
1056.9705171788714 0.3148407556738655
1057.7452345018005 0.312705954034204
1058.5199518247296 0.31038984339271747
1059.2946691476589 0.3079323939541101
1060.0693864705881 0.30534360789700205
1060.8441037935172 0.3026734479931381
1061.6188211164463 0.2999419950261528
1062.3935384393756 0.297189212146041
1063.1682557623049 0.2944651014906658
1063.942973085234 0.29180962647608544
1064.717690408163 0.2892528673448229
1065.4924077310923 0.28683478724454986
1066.2671250540216 0.28457538811122074
1067.0418423769506 0.2825246413047464
1067.8165596998797 0.28068261236520803
1068.591277022809 0.2790792716914734
1069.3659943457383 0.2777045999795888
1070.1407116686673 0.27655864385903856
1070.9154289915964 0.2756313828922064
1071.6901463145257 0.27490281976162767
1072.4648636374548 0.274342945593948
1073.239580960384 0.27392178655150967
1074.014298283313 0.27359933302692774
1074.7890156062422 0.2733155876627594
1075.5637329291715 0.27303054481556516
1076.3384502521008 0.2726842236825417
1077.1131675750298 0.27221661859018853
1077.8878848979589 0.2715777185004048
1078.6626022208882 0.2707075523898568
1079.4373195438175 0.26956611077295417
1080.2120368667465 0.2680833957176764
1080.9867541896756 0.2662293803380417
1081.7614715126049 0.26396412449156037
1082.5361888355342 0.2612576034108198
1083.3109061584632 0.25808981939716247
1084.0856234813923 0.25443072234156344
1084.8603408043216 0.2502904172411798
1085.6350581272509 0.24564885637347653
1086.40977545018 0.24053604265171954
1087.184492773109 0.23495190113895464
1087.959210096038 0.2289365853113029
1088.7339274189674 0.22251002253663527
1089.5086447418967 0.21571212233444692
1090.2833620648257 0.2085830716028475
1091.0580793877548 0.20117278137014713
1091.832796710684 0.1935312532989511
1092.6075140336134 0.18571838432209886
1093.3822313565424 0.1777743865703707
1094.1569486794715 0.1697691575156962
1094.9316660024008 0.16175269929717156
1095.70638332533 0.15378490736718123
1096.4811006482591 0.14591599750759388
1097.2558179711882 0.13819586498840503
1098.0305352941175 0.13068451157774474
1098.8052526170468 0.12343184241929413
1099.5799699399759 0.11646805562599596
1100.354687262905 0.10984305521529487
1101.1294045858342 0.10358676003926426
1101.9041219087633 0.09774934037644412
1102.6788392316926 0.09235071289262246
1103.4535565546216 0.08741088054646838
1104.2282738775507 0.08296978565762002
1105.00299120048 0.07903755268083189
1105.7777085234093 0.07564412138438328
1106.5524258463383 0.07278949397571217
1107.3271431692674 0.07050364078287111
1108.1018604921967 0.06878663159826238
1108.876577815126 0.06764843402363244
1109.651295138055 0.06710904906612547
1110.426012460984 0.06716847771336205
1111.2007297839134 0.06783673023161266
1111.9754471068427 0.0691238040167574
1112.7501644297718 0.07103972401224977
1113.5248817527008 0.07357444946302324
1114.29959907563 0.0767480020362833
1115.0743163985594 0.08055038486270184
1115.8490337214885 0.08500165565503344
1116.6237510444175 0.09009170921515056
1117.3984683673466 0.09583060003441445
1118.173185690276 0.102198330130447
1118.9479030132052 0.10922499032295734
1119.7226203361342 0.11687041036378135
1120.4973376590633 0.12515467789649082
1121.2720549819926 0.13404790904785072
1122.046772304922 0.1435498812523097
1122.821489627851 0.15363070690774983
1123.59620695078 0.16427038993977813
1124.3709242737093 0.17543907481332238
1125.1456415966386 0.18711648182969348
1125.9203589195677 0.1992527530888631
1126.6950762424967 0.2118178914427455
1127.469793565426 0.22474206391904133
1128.2445108883553 0.23799494633519042
1129.0192282112844 0.2514967039807362
1129.7939455342134 0.2651973392532614
1130.5686628571427 0.2790270303131761
1131.3433801800718 0.29290543018021625
1132.118097503001 0.3067627161005632
1132.8928148259301 0.32050906407885416
1133.6675321488592 0.33406412944571734
1134.4422494717885 0.3473480896737059
1135.2169667947178 0.36026094701163647
1135.9916841176469 0.3727228602814724
1136.766401440576 0.3846535179586042
1137.5411187635052 0.3959630817098517
1138.3158360864345 0.4065615542264325
1139.0905534093636 0.4163890595678034
1139.8652707322926 0.4253453533057312
1140.639988055222 0.43338056347076054
1141.4147053781512 0.4404246943202452
1142.1894227010803 0.4464278202100651
1142.9641400240093 0.4513397926558763
1143.7388573469386 0.4551206910194337
1144.513574669868 0.4577405453497009
1145.288291992797 0.459179299919544
1146.063009315726 0.45943699077986516
1146.837726638655 0.45849361842428404
1147.6124439615844 0.45636915173805115
1148.3871612845137 0.4530736549408618
1149.1618786074428 0.44865710264811276
1149.9365959303718 0.4431294973633625
1150.7113132533011 0.43656075070236056
1151.4860305762304 0.42898103936846294
1152.2607478991595 0.4204702803167599
1153.0354652220885 0.4110884774073067
1153.8101825450178 0.400915496277107
1154.5848998679471 0.3900116050139685
1155.3596171908762 0.3784666740478652
1156.1343345138052 0.3663605454802218
1156.9090518367345 0.35379354015753806
1157.6837691596638 0.34083550228323334
1158.458486482593 0.32756643339238617
1159.233203805522 0.31408615834361603
1160.0079211284512 0.3004750325410922
1160.7826384513803 0.2867928818580902
1161.5573557743096 0.2731397081870227
1162.3320730972387 0.25957533607845507
1163.1067904201677 0.246160123313596
1163.881507743097 0.23297389400447177
1164.6562250660263 0.2200566497509486
1165.4309423889554 0.20746822813699214
1166.2056597118844 0.19524896300114852
1166.9803770348137 0.18343869027088944
1167.755094357743 0.1720772640899482
1168.529811680672 0.16118498456713873
1169.3045290036011 0.15079170340639408
1170.0792463265304 0.14090742340181
1170.8539636494597 0.1315520248273012
1171.6286809723888 0.12273575679499041
1172.4033982953179 0.11444849704012286
1173.1781156182471 0.10669024746162167
1173.9528329411764 0.0994809159386108
1174.7275502641055 0.09279069755044891
1175.5022675870346 0.08660949759979156
1176.2769849099636 0.08094724447149185
1177.051702232893 0.07577409036126356
1177.8264195558222 0.07107996078230469
1178.6011368787513 0.0668448593233364
1179.3758542016803 0.06304873809198756
1180.1505715246096 0.05969170180897677
1180.925288847539 0.056743700475296324
1181.700006170468 0.05419473673722539
1182.474723493397 0.05202478358124971
1183.2494408163263 0.05022390455021748
1184.0241581392556 0.048762070758585276
1184.7988754621847 0.04763928414788819
1185.5735927851138 0.046845535317606345
1186.348310108043 0.046360852898388434
1187.1230274309723 0.04617522577279609
1187.8977447539014 0.04627865620234864
1188.6724620768305 0.04667114776709148
1189.4471793997598 0.04734270118548578
1190.2218967226888 0.048283319433400376
1190.9966140456181 0.04949301889200575
1191.7713313685472 0.05097177508551433
1192.5460486914762 0.05270960309268627
1193.3207660144055 0.054706505333560966
1194.0954833373348 0.056972511803335436
1194.870200660264 0.05950757118122078
1195.644917983193 0.062301712210055774
1196.4196353061222 0.06536493677388448
1197.1943526290515 0.06869728878161721
1197.9690699519806 0.07230868968921443
1198.7437872749097 0.0761791820528165
1199.518504597839 0.08033882028568962
1200.2932219207682 0.08476750336531752
1201.0679392436973 0.08947528435343524
1201.8426565666264 0.0944521661151169
1202.6173738895557 0.09971821740889976
1203.392091212485 0.10525330906160027
1204.166808535414 0.11105750852856751
1204.941525858343 0.11712081817529493
1205.7162431812721 0.12345332053395106
1206.4909605042014 0.13002485939870198
1207.2656778271307 0.13682551608840424
1208.0403951500598 0.143855292507551
1208.8151124729889 0.1510942830631067
1209.5898297959181 0.1585123083179828
1210.3645471188474 0.16610946127243686
1211.1392644417765 0.1738358425112414
1211.9139817647056 0.18168125881468564
1212.6886990876349 0.1896258101134748
1213.4634164105642 0.1976194991491771
1214.2381337334932 0.20565242995466063
1215.0128510564223 0.21367440202787158
1215.7875683793516 0.22165551946211584
1216.5622857022809 0.22955578490831197
1217.33700302521 0.2373552991760747
1218.111720348139 0.24499386760847042
1218.8864376710683 0.2524515915115991
1219.6611549939973 0.2596785637805008
1220.4358723169266 0.26664460524492395
1221.2105896398557 0.27331981054627646
1221.9853069627848 0.2796541815479923
1222.760024285714 0.28562779490984996
1223.5347416086433 0.29121050340760896
1224.3094589315724 0.296372385795903
1225.0841762545015 0.3010934442784515
1225.8588935774308 0.3053437332062319
1226.63361090036 0.30910314895190477
1227.4083282232891 0.31236174817312934
1228.1830455462182 0.3151195338353926
1228.9577628691475 0.3173565342845348
1229.7324801920768 0.3190726965978245
1230.5071975150058 0.3202680516031952
1231.281914837935 0.320952607087457
1232.0566321608642 0.3211263529830022
1232.8313494837935 0.3208092999044436
1233.6060668067225 0.32001144917023494
1234.3807841296516 0.31875278408015945
1235.1555014525807 0.3170533432987739
1235.93021877551 0.31494311226844574
1236.7049360984392 0.31244209316763955
1237.4796534213683 0.309590248820786
1238.2543707442974 0.3063976583302406
1239.0290880672267 0.302904286329705
1239.803805390156 0.2991401355007896
1240.578522713085 0.2951451542456437
1241.353240036014 0.29094945055038723
1242.1279573589434 0.2865729742502097
1242.9026746818727 0.28205566751831296
1243.6773920048017 0.27742765262999375
1244.4521093277308 0.2727288721291073
1245.22682665066 0.2679693282519164
1246.0015439735894 0.26317895999377144
1246.7762612965184 0.2583978960953812
1247.5509786194475 0.25363607565839347
1248.3256959423768 0.24891350097578513
1249.1004132653059 0.24427011288627254
1249.8751305882352 0.23969603696758346
1250.6498479111642 0.2352312137488347
1251.4245652340933 0.2308856453553348
1252.1992825570226 0.2266692785377074
1252.9739998799519 0.2225822278959314
1253.748717202881 0.21865443943963003
1254.52343452581 0.21487586589269128
1255.2981518487393 0.21126660951093934
1256.0728691716686 0.20783662204048825
1256.8475864945976 0.20456590620881515
1257.6223038175267 0.2014844235053964
1258.397021140456 0.19858225874165586
1259.1717384633853 0.19584937270263925
1259.9464557863143 0.1933157675381439
1260.7211731092434 0.19095141450053815
1261.4958904321727 0.18877637970789185
1262.270607755102 0.18677063339497524
1263.045325078031 0.1849541774368452
1263.8200424009601 0.18331699229262036
1264.5947597238892 0.18184912599909953
1265.3694770468185 0.1805505578191359
1266.1441943697478 0.17942127470794023
1266.9189116926768 0.17846131046427613
1267.693629015606 0.17765065133582153
1268.4683463385352 0.1770092997650855
1269.2430636614645 0.17651725103743873
1270.0177809843935 0.17617452275867374
1270.7924983073226 0.17598110933183808
1271.567215630252 0.1759170131324989
1272.3419329531812 0.17598223650368314
1273.1166502761102 0.17617678285033522
1273.8913675990393 0.17648065393811332
1274.6660849219686 0.17690385669459174
1275.440802244898 0.17742638480350928
1276.215519567827 0.17803824470076268
1276.990236890756 0.17872943903696747
1277.7649542136853 0.17949997908390808
1278.5396715366144 0.18032984979986877
1279.3143888595437 0.18120906220358945
1280.0891061824727 0.18212761876980996
1280.8638235054018 0.18306553304895157
1281.638540828331 0.18402278545473116
1282.4132581512604 0.18497938941980244
1283.1879754741894 0.18592534740248007
1283.9626927971185 0.18684067253232323
1284.7374101200478 0.18770534587944498
1285.512127442977 0.1885293805298611
1286.2868447659062 0.18927278724508367
1287.0615620888352 0.18992555178467807
1287.8362794117645 0.19049768517497734
1288.6109967346938 0.19093918987166134
1289.3857140576229 0.1912700709654482
1290.160431380552 0.19146032487661135
1290.9351487034812 0.19149995753154994
1291.7098660264105 0.1913889713138892
1292.4845833493396 0.19109736363748492
1293.2593006722686 0.1906351461378039
1294.0340179951977 0.18999231697404345
1294.808735318127 0.18914887897656835
1295.5834526410563 0.18811481961427157
1296.3581699639853 0.1868801695618342
1297.1328872869144 0.1854449173671124
1297.9076046098437 0.1837990427897488
1298.682321932773 0.181952593017846
1299.457039255702 0.17990554879300968
1300.2317565786311 0.17766791216415698
1301.0064739015604 0.17522965277861619
1301.7811912244897 0.17261083770930105
1302.5559085474188 0.1698114375030651
1303.3306258703478 0.16684145455949184
1304.1053431932771 0.16371084953578952
1304.8800605162064 0.1604297071773683
1305.6547778391355 0.15702798886973496
1306.4294951620645 0.15349569732997864
1307.2042124849936 0.14985278670573482
1307.978929807923 0.14612935457173765
1308.7536471308522 0.14233535585273158
1309.5283644537813 0.13850074238764973
1310.3030817767103 0.13462561741597995
1311.0777990996396 0.130739932857234
1311.852516422569 0.1268736909614635
1312.627233745498 0.12304684399962523
1313.401951068427 0.11927949462980633
1314.1766683913563 0.11561159473154076
1314.9513857142856 0.11206314652435376
1315.7261030372147 0.10867410809580973
1316.5008203601437 0.10547457094014402
1317.275537683073 0.10249449247659102
1318.0502550060023 0.09978387422706114
1318.8249723289314 0.09737268730849274
1319.5996896518604 0.0953009987635839
1320.3744069747897 0.0936187778499444
1321.149124297719 0.09236601125409244
1321.923841620648 0.0915927339670266
1322.6985589435772 0.09133893014915992
1323.4732762665062 0.09166460228995271
1324.2479935894355 0.09260976579093892
1325.0227109123648 0.09421439984291781
1325.7974282352939 0.09652851655877631
1326.572145558223 0.09958211738527326
1327.3468628811524 0.10341525532464008
1328.1215802040815 0.10806783643030193
1328.8962975270106 0.11353991003945427
1329.6710148499396 0.11985156207951991
1330.4457321728687 0.1270026305170563
1331.2204494957982 0.13498319651131527
1331.9951668187273 0.1437732643320494
1332.7698841416563 0.15333296101295996
1333.5446014645854 0.16361204294584986
1334.319318787515 0.17454063375614987
1335.094036110444 0.18604873640670655
1335.868753433373 0.19802650876418654
1336.6434707563021 0.21037364636798617
1337.4181880792316 0.22297030481574234
1338.1929054021607 0.23567648696245092
1338.9676227250898 0.2483523588439424
1339.7423400480188 0.2608575978366682
1340.5170573709484 0.2730223695768357
1341.2917746938774 0.28470682504729666
1342.0664920168065 0.295770668860631
1342.8412093397355 0.3060540561509935
1343.615926662665 0.31543698846943935
1344.3906439855941 0.32378957301923045
1345.1653613085232 0.33101159949266923
1345.9400786314523 0.337023180541771
1346.7147959543813 0.3417643189735071
1347.4895132773108 0.34519505789597
1348.26423060024 0.34731531082374634
1349.038947923169 0.3481251272435663
1349.813665246098 0.3476745117453297
1350.5883825690275 0.3460334417339572
1351.3630998919566 0.3433019586367296
1352.1378172148857 0.3395900466125085
1352.9125345378147 0.3350376470936516
1353.6872518607443 0.32980488125974644
1354.4619691836733 0.3240616931627005
1355.2366865066024 0.31798808370319753
1356.0114038295314 0.31177397408385005
1356.786121152461 0.3055995264927489
1357.56083847539 0.2996746620150571
1358.335555798319 0.29415938206281433
1359.1102731212482 0.2892436258263098
1359.8849904441772 0.28506752325289664
1360.6597077671067 0.281771011082839
1361.4344250900358 0.2794940887969644
1362.2091424129649 0.27830674545246703
1362.983859735894 0.27829901815938024
1363.7585770588234 0.2795208897450243
1364.5332943817525 0.28197239702873056
1365.3080117046816 0.2856634774793749
1366.0827290276106 0.2905741617778354
1366.8574463505402 0.2966244538540549
1367.6321636734692 0.3037544503348915
1368.4068809963983 0.31185397137262877
1369.1815983193273 0.3208231086327303
1369.9563156422569 0.33053186447790445
1370.731032965186 0.34082037592818454
1371.505750288115 0.35154838266034744
1372.280467611044 0.362576018191488
1373.0551849339736 0.37372342869338443
1373.8299022569026 0.3848503304778238
1374.6046195798317 0.3958068704918326
1375.3793369027608 0.40645305129197445
1376.1540542256898 0.41664900549797773
1376.9287715486194 0.4262944745395002
1377.7034888715484 0.43526959398198567
1378.4782061944775 0.4435043662058167
1379.2529235174065 0.4509288872442193
1380.027640840336 0.45748296873336264
1380.8023581632651 0.463156710563963
1381.5770754861942 0.4679201164425114
1382.3517928091233 0.47179323611110885
1383.1265101320528 0.47479597046405353
1383.9012274549818 0.4769683737722051
1384.675944777911 0.4783504639886146
1385.45066210084 0.47903220977384586
1386.2253794237695 0.4790636327131325
1387.0000967466985 0.4785347335492643
1387.7748140696276 0.4775355003495759
1388.5495313925567 0.4761559614572715
1389.3242487154857 0.4744761068857857
1390.0989660384153 0.4725859385329547
1390.8736833613443 0.47058543202836384
1391.6484006842734 0.46853464140486034
1392.4231180072024 0.46652354295229786
1393.197835330132 0.4646021387016202
1393.972552653061 0.4628404080182626
1394.74726997599 0.4612783994435637
1395.5219872989192 0.4599660919413089
1396.2967046218487 0.45892347502380415
1397.0714219447777 0.45818057737546847
1397.8461392677068 0.45772738714080496
1398.6208565906359 0.45758390708556146
1399.3955739135654 0.4577401421820697
1400.1702912364944 0.4581860910671026
1400.9450085594235 0.45888175743258497
1401.7197258823526 0.4598171436657054
1402.494443205282 0.4609522672943143
1403.2691605282112 0.46225710225633226
1404.0438778511402 0.46367166510617175
1404.8185951740693 0.4651559582627876
1405.5933124969984 0.46667000369865114
1406.3680298199279 0.4681437657693205
1407.142747142857 0.4695372660775389
1407.917464465786 0.4707905225625657
1408.692181788715 0.4718435065114795
1409.4668991116446 0.4726362371013341
1410.2416164345736 0.47312871661394684
1411.0163337575027 0.47324094804021904
1411.7910510804318 0.4729329315877196
1412.5657684033613 0.4721446722050703
1413.3404857262904 0.4708361728326573
1414.1152030492194 0.4689474101292861
1414.8899203721485 0.46642843503719456
1415.664637695078 0.4632592268447995
1416.439355018007 0.4593997898308521
1417.2140723409361 0.45482006550983106
1417.9887896638652 0.44949017220486154
1418.7635069867943 0.44341005575789816
1419.5382243097238 0.43655962826164535
1420.3129416326528 0.4289590702216375
1421.087658955582 0.4205982975501001
1421.862376278511 0.41150731192576595
1422.6370936014405 0.40171598742721015
1423.4118109243695 0.39125457909381434
1424.1865282472986 0.3801729643828276
1424.9612455702277 0.3685111461283412
1425.7359628931572 0.3563289678068475
1426.5106802160863 0.3436867450005368
1427.2853975390153 0.3306643239531169
1428.0601148619444 0.31732153400393803
1428.834832184874 0.3037487222287102
1429.609549507803 0.28999571912260913
1430.384266830732 0.27616252628316534
1431.158984153661 0.2623189673550595
1431.9337014765906 0.2485354016182374
1432.7084187995197 0.23488165232349614
1433.4831361224487 0.2214377215166555
1434.2578534453778 0.2082534419423809
1435.0325707683069 0.1953891561112166
1435.8072880912364 0.18290469532873913
1436.5820054141655 0.170830061257892
1437.3567227370945 0.15922510720003874
1438.1314400600236 0.14811013633834397
1438.906157382953 0.13750500001304203
1439.6808747058822 0.12743957215490567
1440.4555920288112 0.11793411331882342
1441.2303093517403 0.10896849474054132
1442.0050266746698 0.10057271965346695
1442.7797439975989 0.09271669057926024
1443.554461320528 0.08541061218134224
1444.329178643457 0.07863438418610066
1445.1038959663865 0.07237800902085839
1445.8786132893156 0.06661141597603618
1446.6533306122446 0.06131475703413148
1447.4280479351737 0.05646795891870121
1448.2027652581028 0.05204102336952823
1448.9774825810323 0.04802390189331476
1449.7521999039614 0.04437670224189296
1450.5269172268904 0.04106937371011688
1451.3016345498195 0.038091880873115914
1452.076351872749 0.035404302766769036
1452.851069195678 0.032986602611113205
1453.6257865186071 0.030828783152533568
1454.4005038415362 0.028880822343613097
1455.1752211644657 0.027152772398223647
1455.9499384873948 0.025604610033998297
1456.7246558103238 0.024226337313518552
1457.499373133253 0.022997940886218232
1458.2740904561824 0.021909454758503623
1459.0488077791115 0.020940864680207498
1459.8235251020405 0.020072172404342233
1460.5982424249696 0.019313370072692057
1461.3729597478991 0.018634479830201556
1462.1476770708282 0.018025493212876942
1462.9223943937573 0.01749640511362406
1463.6971117166863 0.017017231172395272
1464.4718290396154 0.016597965899590297
1465.246546362545 0.016228611037647063
1466.021263685474 0.015899164044107204
1466.795981008403 0.015599635124259804
1467.570698331332 0.015340021374183693
1468.3454156542616 0.015110324324144428
1469.1201329771907 0.014910542792667694
1469.8948503001197 0.014700683919911965
1470.6695676230488 0.014600745835237093
1471.4442849459783 0.014400729058714312
1472.2190022689074 0.014300637530858716
1472.9937195918365 0.01420047129101689
1473.7684369147655 0.014100231640723188
1474.543154237695 0.01399991856232198
1475.317871560624 0.013899536083767816
1476.0925888835532 0.013899083382764119
1476.8673062064822 0.013898562195441881
1477.6420235294113 0.01379797368313692
1478.4167408523408 0.013797318979387949
1479.1914581752699 0.013796599190137732
1479.966175498199 0.013795815393734388
1480.740892821128 0.013794969005080919
1481.5156101440575 0.01389405997349119
1482.2903274669866 0.013993090004239823
1483.0650447899156 0.014032061417728815
1483.8397621128447 0.014140972468513306
1484.6144794357742 0.01426982527730021
1485.3891967587033 0.014438620683844501
1486.1639140816324 0.014627362249997472
1486.9386314045614 0.014856045635075386
1487.713348727491 0.015134673999568755
1488.48806605042 0.015453248170049644
1489.262783373349 0.015821773718895683
1490.0375006962781 0.016240241871752173
1490.8122180192076 0.01672865784666308
1491.5869353421367 0.01728702216933497
1492.3616526650658 0.017925343861141467
1493.1363699879948 0.018653607102956653
1493.911087310924 0.01947182052093984
1494.6858046338534 0.02040999688963375
1495.4605219567825 0.021458112282510433
1496.2352392797115 0.022636178769408967
1497.0099566026406 0.02395419689186304
1497.7846739255701 0.025442186487825952
1498.5593912484992 0.027100109320720864
1499.3341085714283 0.028947984291546366
1500.1088258943573 0.031005811429785368
1500.8835432172868 0.03329362089939827
1501.658260540216 0.03582135385287433
1502.432977863145 0.038619039140001324
1503.207695186074 0.041706676073196225
1503.9824125090036 0.045104309205554576
1504.7571298319326 0.048831851602630975
1505.5318471548617 0.05291934610509431
1506.3065644777907 0.05739685146564992
1507.0812818007198 0.06227425115018682
1507.8559991236493 0.06758160175627737
1508.6307164465784 0.07333890369837906
1509.4054337695075 0.07957623866046172
1510.1801510924365 0.08631344523792721
1510.954868415366 0.0935706026647217
1511.729585738295 0.10136771049359389
1512.5043030612242 0.10972487793934568
1513.2790203841532 0.11865188998021375
1514.0537377070827 0.1281588530812952
1514.8284550300118 0.13826576567840976
1515.6031723529409 0.1489627674722216
1516.37788967587 0.16024958443734902
1517.1526069987995 0.1721363524027094
1517.9273243217285 0.1845932337710403
1518.7020416446576 0.19761990584429692
1519.4767589675866 0.21119652815340784
1520.2514762905157 0.2252831013177005
1521.0261936134452 0.23984981461513685
1521.8009109363743 0.25485629232505735
1522.5756282593034 0.27025272149249757
1523.3503455822324 0.28598910199082495
1524.125062905162 0.30201564152358684
1524.899780228091 0.31824192765562315
1525.67449755102 0.33461816647428266
1526.4492148739491 0.35106457021808374
1527.2239321968786 0.36748071512097996
1527.9986495198077 0.38380681381862397
1528.7733668427368 0.39995286647150946
1529.5480841656658 0.41580907714124704
1530.3228014885954 0.4312950375021396
1531.0975188115244 0.4463209535375384
1531.8722361344535 0.46079682551146595
1532.6469534573826 0.474632830576672
1533.421670780312 0.48772861203763335
1534.1963881032411 0.5000243502424467
1534.9711054261702 0.51142004692753
1535.7458227490993 0.5218658346574774
1536.5205400720283 0.5312714422282014
1537.2952573949578 0.5395970067775381
1538.069974717887 0.5467926178606252
1538.844692040816 0.5527980935375466
1539.619409363745 0.557603529647865
1540.3941266866746 0.5611789241374389
1541.1688440096036 0.5635043040001333
1541.9435613325327 0.5645796102025387
1542.7182786554617 0.5644148759208317
1543.4929959783913 0.5630101011673675
1544.2677133013203 0.5604152491760052
1545.0424306242494 0.5566403857116993
1545.8171479471785 0.5517354801334364
1546.591865270108 0.5457405342738415
1547.366582593037 0.5387254545706747
1548.141299915966 0.5307304188411403
1548.9160172388952 0.5218253393981733
1549.6907345618242 0.5120800885913876
1550.4654518847537 0.5015749189416555
1551.2401692076828 0.4903697064365245
1552.0148865306119 0.4785344497685708
1552.789603853541 0.4661589877411563
1553.5643211764705 0.4533136393227335
1554.3390384993995 0.4400682458892705
1555.1137558223286 0.4265028071698462
1555.8884731452576 0.4126771439542672
1556.6631904681872 0.39866161205378886
1557.4379077911162 0.38452603360837195
1558.2126251140453 0.370320408565428
1558.9873424369744 0.3561145531422989
1559.7620597599039 0.3419588336284214
1560.536777082833 0.3279030666784292
1561.311494405762 0.3139870732138342
1562.086211728691 0.30026121148336826
1562.8609290516206 0.28674530147849375
1563.6356463745497 0.27349934312309304
1564.4103636974787 0.26053316996749
1565.1850810204078 0.24788711610933806
1565.9597983433368 0.23557101356861712
1566.7345156662664 0.22361486189961544
1567.5092329891954 0.21202851256225536
1568.2839503121245 0.20083226494452333
1569.0586676350536 0.19002596868697127
1569.833384957983 0.17963949113008115
1570.6081022809121 0.16965309901434222
1571.3828196038412 0.16009665699111847
1572.1575369267703 0.15096016613932547
1572.9322542496998 0.14225351520143886
1573.7069715726288 0.13397692809970435
1574.481688895558 0.12612029151102463
1575.256406218487 0.11869360563354264
1576.0311235414165 0.11168678128129488
1576.8058408643456 0.10510999914780347
1577.5805581872746 0.09895316788390929
1578.3552755102037 0.0932262869106486
1579.1299928331327 0.08790928895804379
1579.9047101560623 0.08302231171557617
1580.6794274789913 0.07854528573581812
1581.4541448019204 0.07448816001954812
1582.2288621248495 0.07085103782007429
1583.003579447779 0.06764386569683414
1583.778296770708 0.06486664451584007
1584.553014093637 0.06250934515852527
1585.3277314165662 0.06059202756548967
1586.1024487394957 0.05911466036153341
1586.8771660624247 0.0580972435267807
1587.6518833853538 0.05752977116772288
1588.4266007082829 0.057442257691258145
1589.2013180312124 0.05782469484760785
1589.9760353541415 0.058707081685295315
1590.7507526770705 0.06008943744462705
1591.5254699999996 0.061981727401789276
1592.300187322929 0.06441396815213485
1593.0749046458582 0.0673761995865744
1593.8496219687872 0.07089834329126882
1594.6243392917163 0.07498043627633152
1595.3990566146454 0.07963247940235177
1596.1737739375749 0.08485454167009154
1596.948491260504 0.09065648752993383
1597.723208583433 0.09703838305302914
1598.497925906362 0.1039902281685237
1599.2726432292916 0.11151212147281804
1600.0473605522207 0.11959386929158097
1600.8220778751497 0.12820556748483983
1601.5967951980788 0.13733721503184784
1602.3715125210083 0.14694893761202793
1603.1462298439374 0.1570204884701767
1603.9209471668664 0.16750199038523841
1604.6956644897955 0.17834358427691552
1605.470381812725 0.18950498962513462
1606.245099135654 0.20092634600223622
1607.0198164585831 0.21252765408535224
1607.7945337815122 0.2242590655816504
1608.5692511044413 0.2360302782867163
1609.3439684273708 0.2477814435976663
1610.1186857502998 0.25941256206825297
1610.893403073229 0.2708537811335062
1611.668120396158 0.2820048058121577
1612.4428377190875 0.2927857844393792
1613.2175550420166 0.303116718420412
1613.9922723649456 0.31290773343963924
1614.7669896878747 0.3220685750660896
1615.5417070108042 0.33052937184681386
1616.3164243337333 0.3382202210037289
1617.0911416566623 0.34505092609654764
1617.8658589795914 0.3509815886566973
1618.640576302521 0.35594220827226897
1619.41529362545 0.3598928335881343
1620.190010948379 0.36280336251912065
1620.964728271308 0.3646338489095252
1621.7394455942376 0.36536429395402226
1622.5141629171667 0.3649946902034927
1623.2888802400958 0.36352504483424797
1624.0635975630248 0.3609653559472511
1624.8383148859539 0.35733557327204557
1625.6130322088834 0.3526757935542197
1626.3877495318125 0.34702597243739836
1627.1624668547415 0.340426107527919
1627.9371841776706 0.33294610015771187
1628.7119015006 0.3246461437567982
1629.4866188235292 0.31558614378407257
1630.2613361464582 0.30585609946703496
1631.0360534693873 0.2955358759684012
1631.8107707923168 0.2846857387000543
1632.5854881152459 0.2734155556150268
1633.360205438175 0.26179532688651874
1634.134922761104 0.2499148981664973
1634.9096400840335 0.23785457466668813
1635.6843574069626 0.2256942037982954
1636.4590747298917 0.21351362861141593
1637.2337920528207 0.20139316242572053
1638.0085093757498 0.18938264782287575
1638.7832266986793 0.17756208465795154
1639.5579440216084 0.1659813242478343
1640.3326613445374 0.15470066445202152
1641.1073786674665 0.14376995506633167
1641.882095990396 0.13320919598581696
1642.656813313325 0.12306825729757248
1643.4315306362541 0.11337740064462656
1644.2062479591832 0.10414649422390129
1644.9809652821127 0.09539553707276376
1645.7556826050418 0.08714442388588953
1646.5303999279708 0.07938336894303119
1647.3051172509 0.07211226443351461
1648.0798345738294 0.0653410242683382
1648.8545518967585 0.05905982183327371
1649.6292692196876 0.05323856883397016
1650.4039865426166 0.04787726592647531
1651.1787038655461 0.042965850853961346
1651.9534211884752 0.03846445033576304
1652.7281385114043 0.03437299989591886
1653.5028558343333 0.03065149958382024
1654.2775731572624 0.027289907057517285
1655.052290480192 0.02426830943731871
1655.827007803121 0.021546662691166278
1656.60172512605 0.019114966210348028
1657.376442448979 0.016953192966800708
1658.1511597719086 0.015031399537510252
1658.9258770948377 0.013319557150298776
1659.7005944177668 0.011817646782855198
1660.4753117406958 0.010495706645350468
1661.2500290636253 0.009333716891656338
1662.0247463865544 0.008321677511111979
1662.7994637094835 0.007439577383828264
1663.5741810324125 0.006667438904499889
1664.348898355342 0.00600525019682855
1665.123615678271 0.005423011054294734
1665.8983330012002 0.004930715017642341
1666.6730503241292 0.0044983746710152775
1667.4477676470583 0.004135983136211933
1668.2224849699878 0.0038135364153557977
1668.9972022929169 0.0035410419780788766
1669.771919615846 0.0033484951004391014
1670.546636938775 0.003135896023042012
1671.3213542617045 0.0029232422671246552
1672.0960715846336 0.0028105371954070604
1672.8707889075627 0.0026977787515065077
1673.6455062304917 0.002584966559347812
1674.4202235534212 0.002472098946671157
1675.1949408763503 0.00235917810841383
1675.9696581992794 0.0022462023622018754
1676.7443755222084 0.0022331707337436904
1677.519092845138 0.002120083632666976
1678.293810168067 0.0021069404212746765
1679.068527490996 0.0020937406900645994
1679.8432448139251 0.001980484025320667
1680.6179621368547 0.0019671700091393393
1681.3926794597837 0.0019537982196561193
1682.1673967827128 0.001840368646356061
1682.9421141056418 0.0018268796136810816
1683.716831428571 0.0018133319340956355
1684.4915487515004 0.0017997247552749146
1685.2662660744295 0.001786057636551333
1686.0409833973586 0.0016723301336578414
1686.8157007202876 0.0016585417987552767
1687.5904180432171 0.0016446921806598097
1688.3651353661462 0.0016307808248705244
1689.1398526890753 0.0015868072041765602
1689.9145700120043 0.0015527710650130241
1690.6892873349339 0.0014886719092189055
1691.464004657863 0.0014945087003074356
1692.238721980792 0.0014602818199219714
1693.013439303721 0.0014359903477151673
1693.7881566266506 0.001411633867592306
1694.5628739495796 0.0013772117713845705
1695.3375912725087 0.001352723818911189
1696.1123085954378 0.0013181694638317865
1696.8870259183668 0.0012935481151073042
1697.6617432412963 0.0012588592244646424
1698.4364605642254 0.0012341025393351746
1699.2111778871545 0.001209277435525756
1699.9858952100835 0.0011743834772816805
1700.760612533013 0.0011494198500399538
1701.535329855942 0.0011243864950918059
1702.3100471788712 0.001099282716882026
1703.0847645018002 0.001064107879434388
1703.8594818247298 0.0010388617318107668
1704.6341991476588 0.0010135436337081402
1705.4089164705879 0.000988153071824642
1706.183633793517 0.0009626894017524534
1706.9583511164465 0.0009371523499331208
1707.7330684393755 0.0009015413314344065
1708.5077857623046 0.0008758557214853732
1709.2825030852337 0.0008500949427628704
1710.0572204081632 0.0008242587082651007
1710.8319377310922 0.0007983463620277742
1711.6066550540213 0.0007723573753520355
1712.3813723769504 0.0007462910885441265
1713.1560896998794 0.0007201472272932719
1713.930807022809 0.0006939251282609346
1714.705524345738 0.0006676241823304618
1715.480241668667 0.00065124394144047
1716.2549589915961 0.0006247839049893997
1717.0296763145257 0.0005982434752538415
1717.8043936374547 0.0005716219797764349
1718.5791109603838 0.0005449191315417684
1719.3538282833129 0.0005181342545828652
1720.1285456062424 0.0005012667435537951
1720.9032629291714 0.0004743160892282938
1721.6779802521005 0.0004472818277278384
1722.4526975750296 0.00042016333318112276
1723.227414897959 0.0004029599214819407
1724.0021322208881 0.00037567129424824486
1724.7768495438172 0.0003482967644105883
1725.5515668667463 0.00033083573210717504
1726.3262841896753 0.00030328768285867863
1727.1010015126049 0.00028565202911746274
1727.875718835534 0.00025792828107937954
1728.650436158463 0.00023011582005631748
1729.425153481392 0.00021221395122619086
1730.1998708043216 0.0001842223763271894
1730.9745881272506 0.00016614034314057363
1731.7493054501797 0.00014796732786233335
1732.5240227731088 0.00011970276092036075
1733.2987400960383 0.00010134607073342822
1734.0734574189673 7.289672334827302e-05
1734.8481747418964 5.4354043543404507e-05
1735.6228920648255 3.571753387471982e-05
1736.397609387755 6.986676582540485e-06
1737.172326710684 -1.1839204524931313e-05
1737.947044033613 -3.07606316573561e-05
1738.7217613565422 -4.977820272002165e-05
1739.4964786794717 -7.889242042067451e-05
1740.2711960024008 -9.810396036011998e-05
1741.0459133253298 -0.00011741332524355108
1741.8206306482589 -0.00013682110272161818
1742.595347971188 -0.00015632786248390151
1743.3700652941175 -0.00017593417312544019
1744.1447826170465 -0.0001956406019281154
1744.9194999399756 -0.00021544771466079637
1745.6942172629047 -0.0002053561813219404
1746.4689345858342 -0.00022536642350361874
1747.2436519087632 -0.0002754787864885297
1748.0183692316923 -0.00029569425491624
1748.7930865546214 -0.0003160132061753307
1749.567803877551 -0.00030643619198205546
1750.34252120048 -0.0003269637604501052
1751.117238523409 -0.0003475964561997988
1751.891955846338 -0.00036833481999327955
1752.6666731692676 -0.0003891793882825137
1753.4413904921967 -0.00041013069273110325
1754.2161078151257 -0.0004311892597098077
1754.9908251380548 -0.0003523562372580169
1755.7655424609839 -0.000373630256476791
1756.5402597839134 -0.0003950137091926001
1757.3149771068424 -0.00041650647170309724
1758.0896944297715 -0.00033810904203421255
1758.8644117527006 -0.0003598216854777264
1759.63912907563 -0.00028164568699044074
1760.4138463985591 -0.00030358049166118173
1761.1885637214882 -0.00022562668145466314
1761.9632810444173 -0.00014778591741444053
1762.7379983673468 -7.005784498975709e-05
1763.5127156902759 0.00010755650978238468
1764.287433013205 0.00018506014315565478
1765.062150336134 0.0003924468699399719
1765.8368676590635 0.0005897190639640032
1766.6115849819926 0.0008268795666831266
1767.3863023049216 0.0011039210352514484
1768.1610196278507 0.0014208462432383495
1768.9357369507802 0.0017876547660522074
1769.7104542737093 0.0022043519758208757
1770.4851715966383 0.002680925795470225
1771.2598889195674 0.003207381368498269
1772.0346062424965 0.0038037181272277953
1772.809323565426 0.0044599445995655365
1773.584040888355 0.005186042587099406
1774.358758211284 0.005972020268361779
1775.1334755342132 0.006837876921030349
1775.9081928571427 0.0077636245722936745
1776.6829101800718 0.008749238214969798
1777.4576275030008 0.009804729341420612
1778.2323448259299 0.010920112239593244
1779.0070621488594 0.01208535677329163
1779.7817794717885 0.013290476950842456
1780.5564967947175 0.014525472235726748
1781.3312141176466 0.015790358560908033
1782.1059314405761 0.017065102116022766
1782.8806487635052 0.018349718695303087
1783.6553660864342 0.01961420767001921
1784.4300834093633 0.020848584430728297
1785.2048007322924 0.022042815649437608
1785.979518055222 0.023176916889302304
1786.754235378151 0.02424088744504274
1787.52895270108 0.025214739271648842
1788.303670024009 0.026088445524823187
1789.0783873469386 0.02685201848326066
1789.8531046698677 0.027485465534602224
1790.6278219927967 0.027988769098325157
1791.4025393157258 0.02835193725116355
1792.1772566386553 0.028574968897813025
1792.9519739615844 0.028637864090112326
1793.7266912845134 0.0285506196318544
1794.5014086074425 0.028313236250489503
1795.276125930372 0.027925713108095593
1796.050843253301 0.027398042465601784
1796.8255605762301 0.02673023626482584
1797.6002778991592 0.02595228740046935
1798.3749952220887 0.025054195291837722
1799.1497125450178 0.02405594616058003
1799.9244298679469 0.022967563837873572
1800.699147190876 0.021809035208115377
1801.473864513805 0.020600343978162558
1802.2485818367345 0.019341519936344677
1803.0232991596636 0.018062546873661885
1803.7980164825926 0.016773423860146602
1804.5727338055217 0.015484133864132561
1805.3474511284512 0.014224708210809456
1806.1221684513803 0.012995129837366191
1806.8968857743093 0.011825397676606196
1807.6716030972384 0.010715497147142476
1808.446320420168 0.009695454958634754
1809.221037743097 0.008775256101716554
1809.995755066026 0.00797489923417629
1810.770472388955 0.007314375522227121
1811.5451897118846 0.006833700403884327
1812.3199070348137 0.006542864279513845
1813.0946243577428 0.006471866363849395
1813.8693416806718 0.006680705543822399
1814.644059003601 0.007189379599736333
1815.4187763265304 0.008037887527959753
1816.1934936494595 0.009286245506330532
1816.9682109723885 0.010954419326248625
1817.7429282953176 0.01311242299172817
1818.5176456182471 0.015760254889727363
1819.2923629411762 0.018957956387027866
1820.0670802641052 0.022685444263338787
1820.8417975870343 0.026952757464232105
1821.6165149099638 0.03172995844576519
1822.391232232893 0.03696692040272594
1823.165949555822 0.04258370358939256
1823.940666878751 0.048490308000193334
1824.7153842016805 0.05455681137332157
1825.4901015246096 0.0606430560816005
1826.2648188475387 0.06657912025929212
1827.0395361704677 0.07219500342913739
1827.8142534933972 0.07731076998663275
1828.5889708163263 0.08176628691946194
1829.3636881392554 0.08541162117851592
1830.1384054621844 0.08810677343026531
1830.9131227851135 0.08976176209224412
1831.687840108043 0.09030654045385483
1832.462557430972 0.08972113156939732
1833.2372747539011 0.0880355098386434
1834.0119920768302 0.08529971948343418
1834.7867093997597 0.08161373991266746
1835.5614267226888 0.07710756752019866
1836.3361440456179 0.07193113314825575
1837.110861368547 0.0662545672627534
1837.8855786914764 0.06024780307334177
1838.6602960144055 0.054080838434350416
1839.4350133373346 0.04791359248459016
1840.2097306602636 0.04188622103964681
1840.9844479831931 0.036128643422265315
1841.7591653061222 0.030720857429440467
1842.5338826290513 0.02575279868799124
1843.3085999519803 0.021274594146318555
1844.0833172749094 0.017286177889581145
1844.858034597839 0.013807505332323937
1845.632751920768 0.010818662909111681
1846.407469243697 0.008289603803372798
1847.1821865666261 0.006190327467562984
1847.9569038895556 0.004470811812996765
1848.7316212124847 0.003081099086375466
1849.5063385354138 0.0019911653299862914
1850.2810558583428 0.0011310094013707167
1851.0557731812723 0.0004806225114509996
1851.8304905042014 1.9605897745578194e-08
1852.6052078271305 -0.0003508090906369152
1853.3799251500595 -0.000581865241519694
1854.154642472989 -0.0007331512301643472
1854.9293597959181 -0.000834665172594895
1855.7040771188472 -0.0008764102384755668
1856.4787944417762 -0.0008183869037994632
1857.2535117647058 -0.0007605978549871106
1858.0282290876348 -0.0006930433891120871
1858.802946410564 -0.0005757247640253357
1859.577663733493 -0.00043864042490508737
1860.352381056422 -0.0002717961885590481
1861.1270983793515 -7.519075728086577e-05
1861.9018157022806 0.00014117491566214418
1862.6765330252097 0.0003973035884807727
1863.4512503481387 0.0006731868614010886
1864.2259676710682 0.0009888273634475822
1865.0006849939973 0.0013342293455214232
1865.7754023169264 0.0017193814755622622
1866.5501196398554 0.00214428769119699
1867.324836962785 0.0026189470180462554
1868.099554285714 0.0031333658928839672
1868.874271608643 0.0037075284613527354
1869.6489889315721 0.0043314408844456476
1870.4237062545017 0.0050151020696021925
1871.1984235774307 0.005768521324100509
1871.9731409003598 0.006581677052565467
1872.7478582232889 0.007464578212510717
1873.522575546218 0.008427223543924868
1874.2972928691474 0.009469626181443432
1875.0720101920765 0.010591756996856876
1875.8467275150056 0.011803628642886886
1876.6214448379346 0.01310525770804298
1877.3961621608642 0.014506607667064422
1878.1708794837932 0.015997694568824543
1878.9455968067223 0.017588517289089958
1879.7203141296513 0.01928909728895116
1880.4950314525809 0.021089388064423002
1881.26974877551 0.022999410495659574
1882.044466098439 0.025019163273797912
1882.819183421368 0.027158673476330768
1883.5939007442976 0.02939788355179329
1884.3686180672266 0.03174682001859207
1885.1433353901557 0.034205481366730364
1885.9180527130848 0.036773900353172406
1886.6927700360143 0.039452008268179684
1887.4674873589433 0.04222983734511487
1888.2422046818724 0.04510742427048736
1889.0169220048015 0.04807469192428519
1889.7916393277305 0.05113167652257048
1890.56635665066 0.054268376922129005
1891.3410739735891 0.057484834091229946
1892.1157912965182 0.06076096244736929
1892.8905086194472 0.06409680261915504
1893.6652259423768 0.06748235331120556
1894.4399432653058 0.07090765818927527
1895.214660588235 0.07435262631121951
1895.989377911164 0.07780730114941078
1896.7640952340935 0.0812616814047485
1897.5388125570225 0.08470581094365585
1898.3135298799516 0.08812959811320302
1899.0882472028807 0.09150308685667267
1899.8629645258102 0.09481631921758403
1900.6376818487392 0.09806920691625157
1901.4123991716683 0.10123179251034045
1902.1871164945974 0.10429407458530571
1902.9618338175264 0.10724609033049218
1903.736551140456 0.11006776094011492
1904.511268463385 0.11273912429353733
1905.285985786314 0.11526017912621439
1906.0607031092431 0.11760095488120753
1906.8354204321727 0.11977138781730778
1907.6101377551017 0.12174150819574486
1908.3848550780308 0.12350131520677204
1909.1595724009599 0.12506082769518853
1909.9342897238894 0.12638000219121645
1910.7090070468184 0.1274788588005355
1911.4837243697475 0.1283474075306139
1912.2584416926766 0.12896562372139506
1913.033159015606 0.1293435185167982
1913.8078763385352 0.12947109040341712
1914.5825936614642 0.1293483366774696
1915.3573109843933 0.12898525743028083
1916.1320283073228 0.12838185120329926
1916.9067456302519 0.12753811687469568
1917.681462953181 0.12645403940350294
1918.45618027611 0.12514964312726898
1919.230897599039 0.12362491421059038
1920.0056149219686 0.1218998290867839
1920.7803322448976 0.11997443004884745
1921.5550495678267 0.11786869465167346
1922.3297668907558 0.11560262105257484
1923.1044842136853 0.11318617731302388
1923.8792015366143 0.11064942264744154
1924.6539188595434 0.10801232565794389
1925.4286361824725 0.1052948848535955
1926.203353505402 0.10252706385852961
1926.978070828331 0.09973893074712356
1927.7527881512601 0.09696044935766307
1928.5275054741892 0.09423161810205172
1929.3022227971187 0.09158240240145829
1930.0769401200478 0.08904286745999565
1930.8516574429768 0.0866529783791569
1931.626374765906 0.08445270699670916
1932.401092088835 0.08248210589229184
1933.1758094117645 0.08075114568989628
1933.9505267346935 0.07929982534455343
1934.7252440576226 0.07813813023739664
1935.4999613805517 0.0772860866522305
1936.2746787034812 0.07675367840450774
1937.0493960264102 0.07651090434156227
1937.8241133493393 0.07655776527836655
1938.5988306722684 0.07686425730309623
1939.373547995198 0.07738038006839457
1940.148265318127 0.07805613217397372
1940.922982641056 0.07883152374956102
1941.697699963985 0.07962653244519494
1942.4724172869146 0.08038116756437397
1943.2471346098437 0.08101543637384596
1944.0218519327727 0.08143932050107636
1944.7965692557018 0.08159282849461487
1945.5712865786313 0.08139595895231504
1946.3460039015604 0.08080870297243774
1947.1207212244894 0.07979107299774824
1947.8954385474185 0.07830306228474426
1948.6701558703476 0.07634466963055297
1949.444873193277 0.07392586233085344
1950.2195905162062 0.0710666987220791
1950.9943078391352 0.06780714829177178
1951.7690251620643 0.06421721011071092
1952.5437424849938 0.06035683304217179
1953.3184598079229 0.05629611191798004
1954.093177130852 0.05213499732886843
1954.867894453781 0.04794343510421373
1955.6426117767105 0.04382152897887428
1956.4173290996396 0.039839224189677634
1957.1920464225686 0.036076519184323884
1957.9667637454977 0.03260336943793172
1958.7414810684272 0.02946986063864261
1959.5161983913563 0.026735946681488647
1960.2909157142853 0.024431625780337043
1961.0656330372144 0.022586874816796942
1961.8403503601435 0.02120173868899456
1962.615067683073 0.020276192168803546
1963.389785006002 0.019810232753110224
1964.1645023289311 0.01978386106179697
1964.9392196518602 0.02015707623491121
1965.7139369747897 0.02089987600921169
1966.4886542977188 0.02195227453012747
1967.2633716206478 0.02326424100860272
1968.038088943577 0.024785788344369647
1968.8128062665064 0.026426915782847324
1969.5875235894355 0.02814764537968944
1970.3622409123645 0.02985793000752221
1971.1369582352936 0.03150779157060847
1971.9116755582231 0.03301722925238497
1972.6863928811522 0.034326259606304546
1973.4611102040813 0.03539484502150109
1974.2358275270103 0.03617300280746301
1975.0105448499398 0.03662073757994163
1975.785262172869 0.03672803523220286
1976.559979495798 0.03647490240667521
1977.334696818727 0.03587133694564391
1978.109414141656 0.03491732573146447
1978.8841314645856 0.033652889624766466
1979.6588487875147 0.0321080169184781
1980.4335661104437 0.03031270602961709
1981.2082834333728 0.02832693056462865
1981.9830007563023 0.026200737418253517
1982.7577180792314 0.023964101297906742
1983.5324354021604 0.021697020552888913
1984.3071527250895 0.019419465720109143
1985.081870048019 0.01719149113889079
1985.856587370948 0.015053067375797452
1986.6313046938772 0.013014168454951576
1987.4060220168062 0.011114842248901795
1988.1807393397357 0.009365061939078427
1988.9554566626648 0.00778482620914351
1989.7301739855939 0.006364117070216481
1990.504891308523 0.005122966637801582
1991.279608631452 0.004031356167354672
1992.0543259543815 0.003089284096119631
1992.8290432773106 0.0022967402502081305
1993.6037606002396 0.00163374122097059
1994.3784779231687 0.00108027617539138
1995.1531952460982 0.000626343359586938
1995.9279125690273 0.0002619382159707584
1996.7026298919563 1.7065766277919725e-05
1997.4773472148854 -0.0002882785019496237
1998.252064537815 -0.0003940984414643328
1999.026781860744 -0.0006003917812038712
1999.801499183673 -0.0007071626069640388
2000.5762165066021 -0.0007144123657829293
2001.3509338295316 -0.000822140754099053
2002.1256511524607 -0.000830351963375893
2002.9003684753898 -0.0008390461520915715
2003.6750857983188 -0.0009482241705346187
2004.4498031212484 -0.0009578876895360439
2005.2245204441774 -0.0009680388329623354
2005.9992377671065 -0.0008786784229747949
2006.7739550900355 -0.0008898064049328233
2007.5486724129646 -0.000901423388275216
2008.3233897358941 -0.000933532319736502
2009.0981070588232 -0.0009261329665664411
2009.8728243817523 -0.0009392242446048527
2010.6475417046813 -0.0009228100396577454
2011.4222590276108 -0.00091688914847389
2012.19697635054 -0.0009114620649159078
2012.971693673469 -0.0009065276030725405
2013.746410996398 -0.0009020891527785832
2014.5211283193275 -0.0008981453886766147
2015.2958456422566 -0.0008946964681425945
2016.0705629651857 -0.0008817409352984348
2016.8452802881147 -0.0008792819184774148
2017.6199976110443 -0.0008773178404484425
2018.3947149339733 -0.0008758470027885185
2019.1694322569024 -0.0008648725521636855
2019.9441495798314 -0.0008643925507481678
2020.7188669027605 -0.000854406851632919
2021.49358422569 -0.0008549134287785323
2022.268301548619 -0.0008459153113110698
2023.0430188715482 -0.0008474103450895401
2023.8177361944772 -0.0008393981849963983
2024.5924535174067 -0.000831876638991029
2025.3671708403358 -0.0008348484005939391
2026.1418881632649 -0.0008283113436724707
2026.916605486194 -0.0008222647950980877
2027.6913228091234 -0.0008167064070406377
2028.4660401320525 -0.0008116388249625947
2029.2407574549816 -0.0008070596207206474
2030.0154747779106 -0.0008029663276998972
2030.7901921008402 -0.0007993614759144382
2031.5649094237692 -0.0007962425248471613
2032.3396267466983 -0.000793608576354625
2033.1143440696274 -0.0007914569668621974
2033.8890613925569 -0.0007797902428677977
2034.663778715486 -0.0007786055680532519
2035.438496038415 -0.0007779019622753541
2036.213213361344 -0.000767676683379466
2036.9879306842731 -0.0007679319834946949
2037.7626480072026 -0.0007586651120936524
2038.5373653301317 -0.0007598748116070531
2039.3120826530608 -0.0007515583080359434
2040.0867999759898 -0.0007537177219231125
2040.8615172989194 -0.0007463501735669037
2041.6362346218484 -0.0007394526172741014
2042.4109519447775 -0.0007430271998419349
2043.1856692677065 -0.0007370709796965941
2043.960386590636 -0.0007315825590667319
2044.7351039135651 -0.0007265587688540798
2045.5098212364942 -0.0007220018381554477
2046.2845385594233 -0.000717908552231028
2047.0592558823528 -0.0007142774814963837
2047.8339732052818 -0.0007111053678692941
2048.608690528211 -0.0007083943537238221
2049.38340785114 -0.0007061411397828871
2050.158125174069 -0.0006943442763315058
2050.9328424969985 -0.0006930002378902969
2051.7075598199276 -0.0006921112755794573
2052.4822771428567 -0.000681673988758319
2053.2569944657857 -0.0006816848160594788
2054.0317117887153 -0.0006721460522411127
2054.8064291116443 -0.0006730540605962912
2055.5811464345734 -0.0006644073088683672
2056.3558637575024 -0.0006662021515783448
2057.130581080432 -0.0006584408054715468
2057.905298403361 -0.0006511196522205262
2058.68001572629 -0.0006442369950635657
2059.454733049219 -0.0006477891869914737
2060.2294503721487 -0.0006417783760159987
2061.0041676950777 -0.0006362008881251671
2061.778885018007 -0.0006310549723975642
2062.553602340936 -0.0006263369291320056
2063.3283196638654 -0.0006220488549346509
2064.1030369867945 -0.0006181870259615446
2064.8777543097235 -0.0006147476511689648
2065.6524716326526 -0.000601732959330005
2066.4271889555816 -0.0005991390259486723
2067.201906278511 -0.0005969640748802463
2067.97662360144 -0.0005852043279817309
2068.7513409243693 -0.0005838618057508321
2069.5260582472984 -0.0005829327106547932
2070.300775570228 -0.0005724152292978651
2071.075492893157 -0.0005623053742917355
2071.850210216086 -0.0005626052983819241
2072.624927539015 -0.0005533111516488193
2073.3996448619446 -0.0005444189894504292
2074.1743621848736 -0.0005459308415001474
2074.9490795078027 -0.000537842910756009
2075.7237968307318 -0.0005301532069841436
2076.4985141536613 -0.0005228577303457993
2077.2732314765904 -0.0005159586700038965
2078.0479487995194 -0.0005094520127460478
2078.8226661224485 -0.0005033358043273067
2079.5973834453775 -0.0004976060191273918
2080.372100768307 -0.0004922648213730729
2081.146818091236 -0.0004873081738320656
2081.921535414165 -0.00047273415821408316
2082.6962527370943 -0.00046853854883251167
2083.470970060024 -0.0004647236651622727
2084.245687382953 -0.0004512854261249921
2085.020404705882 -0.0004482196653240178
2085.795122028811 -0.00044552858732233025
2086.5698393517405 -0.0004332081738139121
2087.3445566746695 -0.00042125635358539193
2088.1192739975986 -0.0004196689178393581
2088.8939913205277 -0.0004084482370106113
2089.668708643457 -0.00039759009481731
2090.4434259663863 -0.000387092465806399
2091.2181432893153 -0.00038695112684365707
2091.9928606122444 -0.0003771684346441512
2092.767577935174 -0.0003677401598040225
2093.542295258103 -0.00035866426431858944
2094.317012581032 -0.00034993651304721096
2095.091729903961 -0.00034155925121841235
2095.86644722689 -0.0003235282743129092
2096.6411645498197 -0.000315839232240378
2097.4158818727487 -0.00030849457050423357
2098.190599195678 -0.0003014900062565523
2098.965316518607 -0.00028482352968695057
2099.7400338415364 -0.0002784907053784702
2100.5147511644655 -0.00026249414714098196
2101.2894684873945 -0.00025682940682335287
2102.0641858103236 -0.00024149452640227775
2102.838903133253 -0.00023648504567452822
2103.613620456182 -0.00022180356647374944
2104.388337779111 -0.0002074456995243834
2105.1630551020403 -0.0002034093145509286
2105.93777242497 -0.0001896902096683445
2106.712489747899 -0.00017629077286031303
2107.487207070828 -0.00016320667379098042
2108.261924393757 -0.00015043351805613114
2109.036641716686 -0.0001379738807282399
2109.8113590396156 -0.00012582336592770194
2110.5860763625446 -0.0001139799005602099
2111.3607936854737 -0.00010243903998620463
2112.135511008403 -8.120349963412765e-05
2112.9102283313323 -7.026873881187112e-05
2113.6849456542614 -5.963273020967441e-05
2114.4596629771904 -4.92910368154742e-05
2115.2343803001195 -2.924634536770332e-05
2116.009097623049 -1.949414158200491e-05
2116.783814945978 -3.00009435072468e-08
2117.558532268907 1.914331393317037e-05
2118.333249591836 2.8030393746630855e-05
2119.1079669147657 4.663321051825986e-05
2119.882684237695 6.49562827311212e-05
2120.657401560624 7.299693966059118e-05
2121.432118883553 9.075954494122684e-05
2122.2068362064824 0.00010824622828854713
2122.9815535294115 0.000125461516944661
2123.7562708523405 0.00014240258035215503
2124.5309881752696 0.00015907394509885597
2125.3057054981987 0.0001754776848752887
2126.080422821128 0.0001916183618720091
2126.8551401440573 0.00021749303466662984
2127.6298574669863 0.00023310633732520625
2128.4045747899154 0.00024846281955968885
2129.179292112845 0.00027355946213003524
2129.954009435774 0.0002884009736623949
2130.728726758703 0.00030298936237174723
2131.503444081632 0.00032732920285034883
2132.2781614045616 0.0003514175007861692
2133.0528787274907 0.00036525893482033944
2133.8275960504197 0.00038885546867120646
2134.602313373349 0.00041221177443329093
2135.3770306962783 0.00042532486902988054
2136.1517480192074 0.0004481992684614855
2136.9264653421365 0.00047083708047176986
2137.7011826650655 0.0004932429499428792
2138.4758999879946 0.0005154137760818717
2139.250617310924 0.0005373542018427824
2140.025334633853 0.0005590688691485546
2140.800051956782 0.0005805546993722377
2141.5747692797113 0.000611816247172825
2142.349486602641 0.0006328556732080881
2143.12420392557 0.0006536776123438615
2143.898921248499 0.0006842788132117028
2144.673638571428 0.0007046640625965883
2145.4483558943575 0.000724835361653936
2146.2230732172866 0.0007547973839065608
2146.9977905402156 0.0007845468905810643
2147.7725078631447 0.0008040886352980031
2148.5472251860742 0.0008334245602798496
2149.3219425090033 0.0008625594777977308
2150.0966598319324 0.0008814900808963161
2150.8713771548614 0.0009102210174550679
2151.646094477791 0.0009387570761502095
2152.42081180072 0.0009670948708037225
2153.195529123649 0.0009952391474998545
2153.970246446578 0.0010231919397318823
2154.744963769507 0.0010509580383157024
2155.5196810924367 0.0010885339054252374
2156.294398415366 0.0011159244250404377
2157.069115738295 0.0011431315736826486
2157.843833061224 0.0011701601244680782
2158.6185503841534 0.0012070065582005657
2159.3932677070825 0.001233675722397784
2160.1679850300116 0.0012701695292987175
2160.9427023529406 0.0012964929258253433
2161.71741967587 0.0013326422138071753
2162.492136998799 0.001358622280022967
2163.2668543217283 0.0013944378536298874
2164.0415716446573 0.0014300853742960778
2164.816288967587 0.0014655696431508658
2165.591006290516 0.0015008926574669595
2166.365723613445 0.001536059251321692
2167.140440936374 0.0015710657365833741
2167.915158259303 0.0016059169412556834
2168.6898755822326 0.001640614850464267
2169.4645929051617 0.0016751642858581495
2170.2393102280907 0.0017095615465988756
2171.01402755102 0.001743811447704205
2171.7887448739493 0.0017879188007729752
2172.5634621968784 0.0018218798947092357
2173.3381795198075 0.0018556995340481552
2174.1128968427365 0.0018993796391922751
2174.887614165666 0.0019329251833524602
2175.662331488595 0.0019763321763469205
2176.437048811524 0.00201960553677015
2177.2117661344532 0.0020527472603453917
2177.9864834573827 0.002095762107987037
2178.761200780312 0.0021386462294367
2179.535918103241 0.0021814044771040486
2180.31063542617 0.002214038839241303
2181.0853527490995 0.0022565540323990496
2181.8600700720285 0.002298946217415665
2182.6347873949576 0.0023512201835627355
2183.4095047178866 0.0023933809146324397
2184.1842220408157 0.002435424277798817
2184.9589393637452 0.0024773551773247526
2185.7336566866743 0.002519175510161911
2186.5083740096034 0.0025708901371221116
2187.2830913325324 0.0026124950247355394
2188.057808655462 0.0026639949546781033
2188.832525978391 0.0027053919072074356
2189.60724330132 0.002756690653136995
2190.381960624249 0.0027978871461034893
2191.1566779471787 0.0028489861645909914
2191.9313952701077 0.002899989605956277
2192.706112593037 0.002940902417139027
2193.480829915966 0.002991720245598656
2194.2555472388954 0.0030424480265930087
2195.0302645618244 0.0030930906893961163
2195.8049818847535 0.0031436438635173147
2196.5796992076826 0.0031941124659597697
2197.3544165306116 0.003244498309545915
2198.129133853541 0.0032948063483450307
2198.90385117647 0.003355032037291608
2199.6785684993993 0.0034051804168585137
2200.4532858223283 0.003455253223950086
2201.228003145258 0.0035152553362951533
2202.002720468187 0.003565182337074771
2202.777437791116 0.0036250390434347385
2203.552155114045 0.0036748273178047602
2204.3268724369746 0.0037345519180131542
2205.1015897599036 0.0037842084209484123
2205.8763070828327 0.003843801623545015
2206.6510244057617 0.0039033365226553707
2207.4257417286913 0.0039628083826746124
2208.2004590516203 0.004022222144207568
2208.9751763745494 0.0040815795129609395
2209.7498936974785 0.004140885413569287
2210.524611020408 0.004200135081587356
2211.299328343337 0.0042593334252044035
2212.074045666266 0.004318482117237482
2212.848762989195 0.0043775860489576185
2213.6234803121242 0.004436640426110014
2214.3981976350537 0.004505650079960621
2215.172914957983 0.004564619979180354
2215.947632280912 0.0046235452326796045
2216.722349603841 0.004692430624411062
2217.4970669267705 0.004761277829017196
2218.2717842496995 0.0048200918038094065
2219.0465015726286 0.004888867428423496
2219.8212188955576 0.004957609641008415
2220.595936218487 0.005016320062695534
2221.3706535414162 0.005085003465506915
2222.1453708643453 0.0051536548361460766
2222.9200881872744 0.005222279024055518
2223.694805510204 0.005290877561130156
2224.469522833133 0.005359455324871129
2225.244240156062 0.0054280071140448
2226.018957478991 0.005496537784851929
2226.79367480192 0.0055750521826372496
2227.5683921248497 0.0056435450735990295
2228.3431094477787 0.005712021280938562
2229.117826770708 0.005790482218835852
2229.892544093637 0.005858932865671976
2230.6672614165664 0.00593736765863187
2231.4419787394954 0.0060057915751113855
2232.2166960624245 0.006084205920710267
2232.9914133853536 0.0061526156449089875
2233.766130708283 0.006231015146263008
2234.540848031212 0.006309409282682643
2235.315565354141 0.006387799414486445
2236.0902826770703 0.006466190374504702
2236.865 0.0065445765274012024
