9.00530820e+02 7.44520908e+04
9.01800900e+02 6.64991029e+04
9.03070980e+02 6.26151988e+04
9.04340820e+02 5.80554623e+04
9.05609070e+02 5.63329771e+04
9.06878660e+02 5.37518272e+04
9.08148070e+02 4.65980963e+04
9.09415830e+02 4.66128681e+04
9.10685060e+02 4.20922265e+04
9.11954040e+02 3.98272553e+04
9.13221370e+02 3.51620383e+04
9.14490110e+02 3.16256592e+04
9.15757140e+02 2.84072019e+04
9.17025570e+02 2.85477502e+04
9.18293880e+02 2.27793878e+04
9.19560490e+02 2.29991986e+04
9.20826970e+02 1.67112663e+04
9.22094850e+02 1.50516748e+04
9.23361020e+02 1.46675079e+04
9.24628540e+02 1.32018492e+04
9.25894410e+02 8.93178277e+03
9.27160220e+02 1.01823922e+04
9.28427310e+02 7.31476144e+03
9.29692810e+02 6.48697419e+03
9.30958070e+02 1.44711426e+03
9.32224850e+02 5.39326546e+03
9.33489870e+02 3.26551158e+03
9.34754700e+02 8.00936426e+02
9.36019530e+02 3.84162379e+03
9.37284120e+02 -3.35792717e+02
9.38548580e+02 3.67632051e+03
9.39812870e+02 1.01637818e+03
9.41078550e+02 3.53779501e+03
9.42342590e+02 2.54828588e+03
9.43606450e+02 4.49756566e+03
9.44870180e+02 7.99003284e+03
9.46133730e+02 6.72008593e+03
9.47395810e+02 1.11761234e+04
9.48659060e+02 1.17385438e+04
9.49922240e+02 1.57847456e+04
9.51185240e+02 1.58971274e+04
9.52448060e+02 1.97450875e+04
9.53710880e+02 2.48490246e+04
9.54973450e+02 2.83173370e+04
9.56234380e+02 3.35884234e+04
9.57496640e+02 3.70546822e+04
9.58758790e+02 4.44775119e+04
9.60020870e+02 5.33463110e+04
9.61281250e+02 6.42434780e+04
9.62542970e+02 7.69734114e+04
9.63803040e+02 9.05925098e+04
9.65064450e+02 1.10245172e+05
9.66325740e+02 1.41262795e+05
9.67585450e+02 1.72325779e+05
9.68846440e+02 2.04110522e+05
9.70105770e+02 2.49271423e+05
9.71366520e+02 2.89048879e+05
9.72625550e+02 3.42344290e+05
9.73884520e+02 4.10816054e+05
9.75144780e+02 5.14277569e+05
9.76403500e+02 6.71649234e+05
9.77663450e+02 8.96114447e+05
9.78921810e+02 1.24613461e+06
9.80180050e+02 1.79031411e+06
9.81438110e+02 2.65339236e+06
9.82697510e+02 3.99354476e+06
9.83955320e+02 5.73200469e+06
9.85212950e+02 7.21805356e+06
9.86470460e+02 7.44887277e+06
9.87727840e+02 6.24190072e+06
9.88985110e+02 4.46863080e+06
9.90242190e+02 3.00030642e+06
9.91500610e+02 2.01522496e+06
9.92757390e+02 1.42423684e+06
9.94014040e+02 1.05670445e+06
9.95270510e+02 8.41608181e+05
9.96525390e+02 7.02373441e+05
9.97781620e+02 6.26270625e+05
9.99037660e+02 5.77045132e+05
1.00029360e+03 5.55070361e+05
1.00154940e+03 5.51653710e+05
1.00280510e+03 5.67365577e+05
1.00406050e+03 5.88558361e+05
1.00531440e+03 6.17216460e+05
1.00656960e+03 6.59806274e+05
1.00782480e+03 7.08448200e+05
1.00907970e+03 7.60089637e+05
1.01033290e+03 8.23421983e+05
1.01158760e+03 8.81475637e+05
1.01284060e+03 9.43136998e+05
1.01409500e+03 1.00690646e+06
1.01534920e+03 1.06318543e+06
1.01660190e+03 1.11914130e+06
1.01785580e+03 1.15789047e+06
1.01910810e+03 1.19240134e+06
1.02036180e+03 1.20319331e+06
1.02161380e+03 1.20134978e+06
1.02286560e+03 1.18852613e+06
1.02411890e+03 1.14871279e+06
1.02537040e+03 1.09702213e+06
1.02662180e+03 1.03226056e+06
1.02787460e+03 9.57913482e+05
1.02912590e+03 8.83540290e+05
1.03037680e+03 8.00567383e+05
1.03162780e+03 7.24677161e+05
1.03288000e+03 6.51600021e+05
1.03413060e+03 5.76607361e+05
1.03538110e+03 5.21693582e+05
1.03663130e+03 4.71042080e+05
1.03788160e+03 4.31837254e+05
1.03913160e+03 4.12270504e+05
1.04038160e+03 4.05270227e+05
1.04163130e+03 4.14381822e+05
1.04288090e+03 4.47984688e+05
1.04413040e+03 5.13923222e+05
1.04537960e+03 6.24380824e+05
1.04662880e+03 8.05609892e+05
1.04787790e+03 1.09402482e+06
1.04912680e+03 1.50923602e+06
1.05037410e+03 2.01679488e+06
1.05162270e+03 2.40483979e+06
1.05287120e+03 2.41493917e+06
1.05411950e+03 2.03828840e+06
1.05536620e+03 1.51547789e+06
1.05661430e+03 1.06490903e+06
1.05786220e+03 7.44760224e+05
1.05910850e+03 5.28819869e+05
1.06035620e+03 3.84201364e+05
1.06160220e+03 2.87138106e+05
1.06284950e+03 2.23166495e+05
1.06409520e+03 1.80771929e+05
1.06534230e+03 1.52440806e+05
1.06658780e+03 1.36205526e+05
1.06783450e+03 1.30628486e+05
1.06907970e+03 1.24310085e+05
1.07032620e+03 1.24261721e+05
1.07157100e+03 1.14732793e+05
1.07281580e+03 9.79717001e+04
1.07406190e+03 7.63208399e+04
1.07530640e+03 6.35736112e+04
1.07655070e+03 4.66034125e+04
1.07779480e+03 3.45936422e+04
1.07903880e+03 2.65466990e+04
1.08028430e+03 2.21629812e+04
1.08152810e+03 1.81968874e+04
1.08277170e+03 1.27068161e+04
1.08401510e+03 1.29211658e+04
1.08525840e+03 1.06463349e+04
1.08650170e+03 1.05767221e+04
1.08774480e+03 1.26597257e+04
1.08898750e+03 1.09047444e+04
1.09023030e+03 8.29117651e+03
1.09147300e+03 1.24824206e+04
1.09271560e+03 1.23198753e+04
1.09395790e+03 1.13359389e+04
1.09519860e+03 1.43180100e+04
1.09644070e+03 1.35334871e+04
1.09768260e+03 1.33177687e+04
1.09892430e+03 1.57692533e+04
1.10016460e+03 1.54833394e+04
