9.00530820e+02 5.38197558e+04
9.01800900e+02 4.66325529e+04
9.03070980e+02 4.33273512e+04
9.04340820e+02 4.13981521e+04
9.05609070e+02 3.98509569e+04
9.06878660e+02 3.73507667e+04
9.08148070e+02 3.04485829e+04
9.09415830e+02 3.27454067e+04
9.10685060e+02 2.87302395e+04
9.11954040e+02 2.89270824e+04
9.13221370e+02 2.53039369e+04
9.14490110e+02 2.21848040e+04
9.15757140e+02 2.10886852e+04
9.17025570e+02 2.03685817e+04
9.18293880e+02 1.53494947e+04
9.19560490e+02 1.55134256e+04
9.20826970e+02 1.26933756e+04
9.22094850e+02 9.88834598e+03
9.23361020e+02 1.06393380e+04
9.24628540e+02 1.09243530e+04
9.25894410e+02 5.74239221e+03
9.27160220e+02 7.41145689e+03
9.28427310e+02 4.72554833e+03
9.29692810e+02 5.50366781e+03
9.30958070e+02 1.39881659e+03
9.32224850e+02 5.30699596e+03
9.33489870e+02 2.96058165e+03
9.34754700e+02 1.34294940e+03
9.36019530e+02 3.25847495e+03
9.37284120e+02 -3.58071439e+02
9.38548580e+02 2.33608049e+03
9.39812870e+02 2.00755677e+03
9.41078550e+02 4.39098343e+03
9.42342590e+02 1.29898651e+03
9.43606450e+02 3.06819203e+03
9.44870180e+02 5.45811426e+03
9.46133730e+02 4.42526747e+03
9.47395810e+02 7.70116592e+03
9.48659060e+02 6.72032388e+03
9.49922240e+02 1.15772556e+04
9.51185240e+02 9.95847540e+03
9.52448060e+02 1.33644975e+04
9.53710880e+02 1.44758362e+04
9.54973450e+02 1.84150057e+04
9.56234380e+02 2.00785203e+04
9.57496640e+02 2.25128943e+04
9.58758790e+02 2.66106419e+04
9.60020870e+02 3.13502774e+04
9.61281250e+02 3.78333151e+04
9.62542970e+02 4.59192693e+04
9.63803040e+02 5.21986541e+04
9.65064450e+02 6.22919840e+04
9.66325740e+02 7.90187730e+04
9.67585450e+02 9.73225356e+04
9.68846440e+02 1.11720786e+05
9.70105770e+02 1.35765038e+05
9.71366520e+02 1.54879807e+05
9.72625550e+02 1.84307606e+05
9.73884520e+02 2.19899950e+05
9.75144780e+02 2.75044354e+05
9.76403500e+02 3.54660330e+05
9.77663450e+02 4.72657394e+05
9.78921810e+02 6.56989060e+05
9.80180050e+02 9.41590843e+05
9.81438110e+02 1.39503226e+06
9.82697510e+02 2.10113581e+06
9.83955320e+02 2.99696703e+06
9.85212950e+02 3.70943942e+06
9.86470460e+02 3.71381750e+06
9.87727840e+02 3.01621177e+06
9.88985110e+02 2.11564877e+06
9.90242190e+02 1.41972399e+06
9.91500610e+02 9.60515964e+05
9.92757390e+02 6.92892193e+05
9.94014040e+02 5.21464195e+05
9.95270510e+02 4.26672484e+05
9.96525390e+02 3.61215575e+05
9.97781620e+02 3.29335981e+05
9.99037660e+02 3.06828218e+05
1.00029360e+03 2.99620799e+05
1.00154940e+03 2.95745239e+05
1.00280510e+03 3.07745052e+05
1.00406050e+03 3.19581752e+05
1.00531440e+03 3.33768853e+05
1.00656960e+03 3.56110871e+05
1.00782480e+03 3.82317318e+05
1.00907970e+03 4.07893710e+05
1.01033290e+03 4.40322560e+05
1.01158760e+03 4.68733383e+05
1.01284060e+03 4.99242693e+05
1.01409500e+03 5.31754004e+05
1.01534920e+03 5.58501831e+05
1.01660190e+03 5.88698688e+05
1.01785580e+03 6.06181089e+05
1.01910810e+03 6.22238549e+05
1.02036180e+03 6.26238581e+05
1.02161380e+03 6.23300701e+05
1.02286560e+03 6.16029421e+05
1.02411890e+03 5.93651257e+05
1.02537040e+03 5.66269723e+05
1.02662180e+03 5.33938332e+05
1.02787460e+03 4.97328600e+05
1.02912590e+03 4.57615041e+05
1.03037680e+03 4.16742168e+05
1.03162780e+03 3.78965497e+05
1.03288000e+03 3.41590540e+05
1.03413060e+03 3.04857814e+05
1.03538110e+03 2.77871831e+05
1.03663130e+03 2.53893106e+05
1.03788160e+03 2.35227154e+05
1.03913160e+03 2.26423489e+05
1.04038160e+03 2.24429624e+05
1.04163130e+03 2.29742075e+05
1.04288090e+03 2.49574355e+05
1.04413040e+03 2.85778979e+05
1.04537960e+03 3.45084461e+05
1.04662880e+03 4.41602316e+05
1.04787790e+03 5.95942056e+05
1.04912680e+03 8.15258198e+05
1.05037410e+03 1.07073325e+06
1.05162270e+03 1.24038274e+06
1.05287120e+03 1.20584017e+06
1.05411950e+03 9.88635058e+05
1.05536620e+03 7.22732918e+05
1.05661430e+03 5.09822264e+05
1.05786220e+03 3.61324610e+05
1.05910850e+03 2.63537472e+05
1.06035620e+03 1.95667363e+05
1.06160220e+03 1.51361798e+05
1.06284950e+03 1.21422290e+05
1.06409520e+03 1.03511354e+05
1.06534230e+03 8.75135043e+04
1.06658780e+03 7.97502553e+04
1.06783450e+03 7.96131211e+04
1.06907970e+03 7.41306160e+04
1.07032620e+03 7.42252542e+04
1.07157100e+03 6.87355500e+04
1.07281580e+03 5.96950177e+04
1.07406190e+03 4.76331716e+04
1.07530640e+03 4.32455258e+04
1.07655070e+03 3.44435947e+04
1.07779480e+03 2.65738926e+04
1.07903880e+03 2.28609337e+04
1.08028430e+03 2.10572322e+04
1.08152810e+03 1.94203025e+04
1.08277170e+03 1.56236588e+04
1.08401510e+03 1.50638154e+04
1.08525840e+03 1.45702865e+04
1.08650170e+03 1.33255864e+04
1.08774480e+03 1.46962293e+04
1.08898750e+03 1.34167296e+04
1.09023030e+03 1.23496016e+04
1.09147300e+03 1.34323593e+04
1.09271560e+03 1.30875173e+04
1.09395790e+03 1.12035896e+04
1.09519860e+03 1.36580906e+04
1.09644070e+03 1.28695345e+04
1.09768260e+03 1.31484356e+04
1.09892430e+03 1.30873082e+04
1.10016460e+03 1.38476665e+04
