9.00530820e+02 4.71284943e+04
9.01800900e+02 4.02867435e+04
9.03070980e+02 3.80371243e+04
9.04340820e+02 3.61897684e+04
9.05609070e+02 3.35278075e+04
9.06878660e+02 3.38323731e+04
9.08148070e+02 2.88985969e+04
9.09415830e+02 2.97496106e+04
9.10685060e+02 2.76915458e+04
9.11954040e+02 2.71635341e+04
9.13221370e+02 2.36207071e+04
9.14490110e+02 2.11121966e+04
9.15757140e+02 2.04171341e+04
9.17025570e+02 2.07366513e+04
9.18293880e+02 1.61698799e+04
9.19560490e+02 1.71179514e+04
9.20826970e+02 1.40229975e+04
9.22094850e+02 1.15721499e+04
9.23361020e+02 1.16375402e+04
9.24628540e+02 1.26563000e+04
9.25894410e+02 6.74856103e+03
9.27160220e+02 9.43345486e+03
9.28427310e+02 6.18311315e+03
9.29692810e+02 6.27866755e+03
9.30958070e+02 2.73824969e+03
9.32224850e+02 6.13199121e+03
9.33489870e+02 4.65680306e+03
9.34754700e+02 2.60659618e+03
9.36019530e+02 3.65528149e+03
9.37284120e+02 2.02376994e+03
9.38548580e+02 3.38797246e+03
9.39812870e+02 1.16880000e+03
9.41078550e+02 3.36816350e+03
9.42342590e+02 -1.12373877e+02
9.43606450e+02 1.63275107e+03
9.44870180e+02 2.40974499e+03
9.46133730e+02 2.04814563e+02
9.47395810e+02 2.99516645e+03
9.48659060e+02 3.77821414e+02
9.49922240e+02 3.61580020e+03
9.51185240e+02 -3.79929097e+02
9.52448060e+02 2.52760159e+03
9.53710880e+02 2.23092790e+03
9.54973450e+02 2.69358545e+03
9.56234380e+02 1.90410988e+03
9.57496640e+02 1.91903683e+03
9.58758790e+02 2.60690191e+03
9.60020870e+02 4.08124077e+03
9.61281250e+02 6.12358902e+03
9.62542970e+02 7.29348231e+03
9.63803040e+02 6.09745626e+03
9.65064450e+02 5.80204650e+03
9.66325740e+02 1.04497887e+04
9.67585450e+02 1.17092184e+04
9.68846440e+02 8.79787128e+03
9.70105770e+02 1.25572830e+04
9.71366520e+02 1.17709891e+04
9.72625550e+02 1.72945254e+04
9.73884520e+02 1.45664273e+04
9.75144780e+02 1.70482306e+04
9.76403500e+02 1.99654708e+04
9.77663450e+02 1.84766836e+04
9.78921810e+02 2.21834047e+04
9.80180050e+02 2.28011696e+04
9.81438110e+02 2.33045140e+04
9.82697510e+02 2.89409735e+04
9.83955320e+02 3.08110838e+04
9.85212950e+02 3.31663804e+04
9.86470460e+02 3.32273991e+04
9.87727840e+02 3.34586754e+04
9.88985110e+02 3.30227449e+04
9.90242190e+02 3.52221434e+04
9.91500610e+02 3.30074064e+04
9.92757390e+02 3.63150695e+04
9.94014040e+02 3.20206684e+04
9.95270510e+02 3.69817388e+04
9.96525390e+02 3.43308162e+04
9.97781620e+02 3.90204363e+04
9.99037660e+02 3.72041347e+04
1.00029360e+03 3.96044470e+04
1.00154940e+03 3.88299089e+04
1.00280510e+03 4.30930560e+04
1.00406050e+03 4.25124240e+04
1.00531440e+03 4.25465484e+04
1.00656960e+03 4.44639649e+04
1.00782480e+03 4.48842091e+04
1.00907970e+03 4.44478167e+04
1.01033290e+03 4.70033233e+04
1.01158760e+03 4.62132644e+04
1.01284060e+03 4.57881759e+04
1.01409500e+03 4.81245932e+04
1.01534920e+03 4.67890520e+04
1.01660190e+03 4.94250879e+04
1.01785580e+03 4.81862366e+04
1.01910810e+03 5.12470337e+04
1.02036180e+03 4.79210149e+04
1.02161380e+03 4.72787157e+04
1.02286560e+03 5.21406717e+04
1.02411890e+03 4.89044187e+04
1.02537040e+03 4.94044923e+04
1.02662180e+03 4.90214280e+04
1.02787460e+03 4.88487615e+04
1.02912590e+03 4.96060285e+04
1.03037680e+03 4.70747646e+04
1.03162780e+03 4.78645053e+04
1.03288000e+03 4.65167864e+04
1.03413060e+03 4.36581434e+04
1.03538110e+03 4.69371120e+04
1.03663130e+03 4.42482279e+04
1.03788160e+03 4.33550266e+04
1.03913160e+03 4.42280438e+04
1.04038160e+03 4.37278151e+04
1.04163130e+03 4.17598761e+04
1.04288090e+03 4.14537625e+04
1.04413040e+03 4.19200100e+04
1.04537960e+03 4.11761540e+04
1.04662880e+03 3.94467303e+04
1.04787790e+03 4.05932745e+04
1.04912680e+03 4.03663223e+04
1.05037410e+03 4.01504092e+04
1.05162270e+03 3.84620709e+04
1.05287120e+03 3.83648430e+04
1.05411950e+03 3.53002611e+04
1.05536620e+03 3.49878609e+04
1.05661430e+03 3.24751780e+04
1.05786220e+03 3.20737481e+04
1.05910850e+03 3.11991067e+04
1.06035620e+03 3.00107896e+04
1.06160220e+03 2.80653322e+04
1.06284950e+03 2.80472704e+04
1.06409520e+03 2.77301396e+04
1.06534230e+03 2.68914755e+04
1.06658780e+03 2.54048138e+04
1.06783450e+03 2.67896900e+04
1.06907970e+03 2.17416399e+04
1.07032620e+03 2.38011990e+04
1.07157100e+03 2.31709030e+04
1.07281580e+03 2.11002875e+04
1.07406190e+03 1.94838881e+04
1.07530640e+03 2.28452405e+04
1.07655070e+03 1.87578803e+04
1.07779480e+03 1.79613431e+04
1.07903880e+03 1.80011645e+04
1.08028430e+03 1.80718803e+04
1.08152810e+03 1.81330259e+04
1.08277170e+03 1.49661371e+04
1.08401510e+03 1.51257495e+04
1.08525840e+03 1.48423986e+04
1.08650170e+03 1.40126203e+04
1.08774480e+03 1.49699499e+04
1.08898750e+03 1.36249233e+04
1.09023030e+03 1.20500760e+04
1.09147300e+03 1.41339437e+04
1.09271560e+03 1.40860619e+04
1.09395790e+03 1.18499664e+04
1.09519860e+03 1.36671927e+04
1.09644070e+03 1.17032765e+04
1.09768260e+03 1.32567534e+04
1.09892430e+03 1.35171590e+04
1.10016460e+03 1.35110290e+04
