9.00530820e+02 5.86745956e+04
9.01800900e+02 5.06158632e+04
9.03070980e+02 4.77324484e+04
9.04340820e+02 4.69766690e+04
9.05609070e+02 4.35058424e+04
9.06878660e+02 4.26952863e+04
9.08148070e+02 3.95903184e+04
9.09415830e+02 4.03432562e+04
9.10685060e+02 3.43844175e+04
9.11954040e+02 3.67011198e+04
9.13221370e+02 3.27206808e+04
9.14490110e+02 2.82304180e+04
9.15757140e+02 2.69546493e+04
9.17025570e+02 2.66126920e+04
9.18293880e+02 2.13358640e+04
9.19560490e+02 2.37134828e+04
9.20826970e+02 1.78488660e+04
9.22094850e+02 1.70823313e+04
9.23361020e+02 1.87331963e+04
9.24628540e+02 1.67817787e+04
9.25894410e+02 1.15373960e+04
9.27160220e+02 1.38523660e+04
9.28427310e+02 9.59600615e+03
9.29692810e+02 1.05406342e+04
9.30958070e+02 6.53456771e+03
9.32224850e+02 9.14312435e+03
9.33489870e+02 6.55662175e+03
9.34754700e+02 4.80537752e+03
9.36019530e+02 5.37270931e+03
9.37284120e+02 2.90993474e+03
9.38548580e+02 5.35637144e+03
9.39812870e+02 2.14833705e+03
9.41078550e+02 4.23714919e+03
9.42342590e+02 1.00312548e+03
9.43606450e+02 1.36658358e+03
9.44870180e+02 2.65872930e+03
9.46133730e+02 1.80976850e+03
9.47395810e+02 1.11690702e+03
9.48659060e+02 -2.16493022e+01
9.49922240e+02 2.11030538e+03
9.51185240e+02 1.13980841e+02
9.52448060e+02 2.22358687e+03
9.53710880e+02 9.66665961e+02
9.54973450e+02 1.79076064e+03
9.56234380e+02 8.36413396e+02
9.57496640e+02 3.78166751e+02
9.58758790e+02 1.23156321e+03
9.60020870e+02 1.94708836e+03
9.61281250e+02 3.10622778e+03
9.62542970e+02 4.82546707e+03
9.63803040e+02 4.15529180e+03
9.65064450e+02 3.74618758e+03
9.66325740e+02 9.12063998e+03
9.67585450e+02 9.23113458e+03
9.68846440e+02 6.67715699e+03
9.70105770e+02 1.00971928e+04
9.71366520e+02 1.10127275e+04
9.72625550e+02 1.32022469e+04
9.73884520e+02 1.18612363e+04
9.75144780e+02 1.23761815e+04
9.76403500e+02 1.60305680e+04
9.77663450e+02 1.56488814e+04
9.78921810e+02 1.88886074e+04
9.80180050e+02 2.00282313e+04
9.81438110e+02 1.70532390e+04
9.82697510e+02 2.37581159e+04
9.83955320e+02 2.41293477e+04
9.85212950e+02 2.50104198e+04
9.86470460e+02 2.66308180e+04
9.87727840e+02 2.76720278e+04
9.88985110e+02 2.77085348e+04
9.90242190e+02 3.15038245e+04
9.91500610e+02 2.81483826e+04
9.92757390e+02 3.28706947e+04
9.94014040e+02 2.75572462e+04
9.95270510e+02 3.35775230e+04
9.96525390e+02 3.00510104e+04
9.97781620e+02 3.47551941e+04
9.99037660e+02 3.42075597e+04
1.00029360e+03 3.52165927e+04
1.00154940e+03 3.46417788e+04
1.00280510e+03 3.89826036e+04
1.00406050e+03 3.85185526e+04
1.00531440e+03 3.70541114e+04
1.00656960e+03 3.85927656e+04
1.00782480e+03 4.08940007e+04
1.00907970e+03 3.86773025e+04
1.01033290e+03 4.28341564e+04
1.01158760e+03 4.20680481e+04
1.01284060e+03 4.16324631e+04
1.01409500e+03 4.26738870e+04
1.01534920e+03 4.21248055e+04
1.01660190e+03 4.48347040e+04
1.01785580e+03 4.33630682e+04
1.01910810e+03 4.72793837e+04
1.02036180e+03 4.24031361e+04
1.02161380e+03 4.33288109e+04
1.02286560e+03 4.66838937e+04
1.02411890e+03 4.37978701e+04
1.02537040e+03 4.42882258e+04
1.02662180e+03 4.47754462e+04
1.02787460e+03 4.41430170e+04
1.02912590e+03 4.50344238e+04
1.03037680e+03 4.40811521e+04
1.03162780e+03 4.44446876e+04
1.03288000e+03 4.36945158e+04
1.03413060e+03 4.01191223e+04
1.03538110e+03 4.28859927e+04
1.03663130e+03 4.17756126e+04
1.03788160e+03 4.09354675e+04
1.03913160e+03 4.10940432e+04
1.04038160e+03 4.12008250e+04
1.04163130e+03 3.91432987e+04
1.04288090e+03 3.98199498e+04
1.04413040e+03 3.95822640e+04
1.04537960e+03 3.82227267e+04
1.04662880e+03 3.73778236e+04
1.04787790e+03 3.92320403e+04
1.04912680e+03 3.73318623e+04
1.05037410e+03 3.74697752e+04
1.05162270e+03 3.66952647e+04
1.05287120e+03 3.48098163e+04
1.05411950e+03 3.45059156e+04
1.05536620e+03 3.11000482e+04
1.05661430e+03 3.10796997e+04
1.05786220e+03 3.08303556e+04
1.05910850e+03 3.12145016e+04
1.06035620e+03 2.89746232e+04
1.06160220e+03 2.76782060e+04
1.06284950e+03 2.75687356e+04
1.06409520e+03 2.83116977e+04
1.06534230e+03 2.57665777e+04
1.06658780e+03 2.46798613e+04
1.06783450e+03 2.55900340e+04
1.06907970e+03 2.35795815e+04
1.07032620e+03 2.35719893e+04
1.07157100e+03 2.25837430e+04
1.07281580e+03 2.19203283e+04
1.07406190e+03 1.91532306e+04
1.07530640e+03 2.40969356e+04
1.07655070e+03 2.06949289e+04
1.07779480e+03 1.87146960e+04
1.07903880e+03 1.89367225e+04
1.08028430e+03 1.91094941e+04
1.08152810e+03 1.91384963e+04
1.08277170e+03 1.65542147e+04
1.08401510e+03 1.65521348e+04
1.08525840e+03 1.68327424e+04
1.08650170e+03 1.66165229e+04
1.08774480e+03 1.78779619e+04
1.08898750e+03 1.58905451e+04
1.09023030e+03 1.46727580e+04
1.09147300e+03 1.64510862e+04
1.09271560e+03 1.67530153e+04
1.09395790e+03 1.45080308e+04
1.09519860e+03 1.56356185e+04
1.09644070e+03 1.55492638e+04
1.09768260e+03 1.61404523e+04
1.09892430e+03 1.54736697e+04
1.10016460e+03 1.69354014e+04
