9.00530820e+02 7.08866980e+04
9.01800900e+02 6.35248736e+04
9.03070980e+02 5.91610426e+04
9.04340820e+02 5.66021984e+04
9.05609070e+02 5.27133342e+04
9.06878660e+02 5.05284433e+04
9.08148070e+02 4.48455193e+04
9.09415830e+02 4.44905553e+04
9.10685060e+02 4.00555448e+04
9.11954040e+02 3.90084811e+04
9.13221370e+02 3.51683576e+04
9.14490110e+02 3.18711676e+04
9.15757140e+02 2.89469044e+04
9.17025570e+02 2.74605615e+04
9.18293880e+02 2.26651321e+04
9.19560490e+02 2.28666097e+04
9.20826970e+02 1.77339875e+04
9.22094850e+02 1.45422589e+04
9.23361020e+02 1.59024173e+04
9.24628540e+02 1.53804560e+04
9.25894410e+02 1.12963683e+04
9.27160220e+02 1.13991477e+04
9.28427310e+02 7.16678751e+03
9.29692810e+02 7.49928100e+03
9.30958070e+02 1.67862157e+03
9.32224850e+02 5.46080256e+03
9.33489870e+02 4.32781733e+03
9.34754700e+02 1.17465923e+03
9.36019530e+02 3.36032161e+03
9.37284120e+02 2.97978115e+01
9.38548580e+02 2.53408120e+03
9.39812870e+02 1.17015002e+03
9.41078550e+02 3.38298252e+03
9.42342590e+02 -3.44303915e+00
9.43606450e+02 1.34885159e+03
9.44870180e+02 4.35190037e+03
9.46133730e+02 1.93773727e+03
9.47395810e+02 5.60439626e+03
9.48659060e+02 4.21491131e+03
9.49922240e+02 7.77231638e+03
9.51185240e+02 7.00564543e+03
9.52448060e+02 9.66393244e+03
9.53710880e+02 1.10722114e+04
9.54973450e+02 1.33425162e+04
9.56234380e+02 1.56288809e+04
9.57496640e+02 1.72383394e+04
9.58758790e+02 1.98179257e+04
9.60020870e+02 2.31996737e+04
9.61281250e+02 2.83276175e+04
9.62542970e+02 3.45177909e+04
9.63803040e+02 3.79632280e+04
9.65064450e+02 4.64039628e+04
9.66325740e+02 5.54010291e+04
9.67585450e+02 6.62254610e+04
9.68846440e+02 7.18562924e+04
9.70105770e+02 8.67725572e+04
9.71366520e+02 9.74182896e+04
9.72625550e+02 1.14353523e+05
9.73884520e+02 1.32211293e+05
9.75144780e+02 1.61851631e+05
9.76403500e+02 2.04305573e+05
9.77663450e+02 2.63421152e+05
9.78921810e+02 3.56740402e+05
9.80180050e+02 4.95171358e+05
9.81438110e+02 7.20237053e+05
9.82697510e+02 1.06970952e+06
9.83955320e+02 1.50032380e+06
9.85212950e+02 1.82405991e+06
9.86470460e+02 1.79711990e+06
9.87727840e+02 1.44464380e+06
9.88985110e+02 1.02122365e+06
9.90242190e+02 7.05595467e+05
9.91500610e+02 4.99072298e+05
9.92757390e+02 3.83469174e+05
9.94014040e+02 3.08513129e+05
9.95270510e+02 2.69770197e+05
9.96525390e+02 2.40838411e+05
9.97781620e+02 2.31860806e+05
9.99037660e+02 2.21929416e+05
1.00029360e+03 2.23808275e+05
1.00154940e+03 2.24707416e+05
1.00280510e+03 2.33719874e+05
1.00406050e+03 2.43256683e+05
1.00531440e+03 2.51531876e+05
1.00656960e+03 2.66627488e+05
1.00782480e+03 2.81500552e+05
1.00907970e+03 2.95974102e+05
1.01033290e+03 3.15736173e+05
1.01158760e+03 3.32962799e+05
1.01284060e+03 3.46880013e+05
1.01409500e+03 3.67277849e+05
1.01534920e+03 3.81017341e+05
1.01660190e+03 3.97794524e+05
1.01785580e+03 4.09209430e+05
1.01910810e+03 4.21563096e+05
1.02036180e+03 4.24886553e+05
1.02161380e+03 4.25262836e+05
1.02286560e+03 4.27039980e+05
1.02411890e+03 4.18702017e+05
1.02537040e+03 4.09213983e+05
1.02662180e+03 3.95708910e+05
1.02787460e+03 3.81849834e+05
1.02912590e+03 3.66934787e+05
1.03037680e+03 3.50539804e+05
1.03162780e+03 3.36213919e+05
1.03288000e+03 3.22148166e+05
1.03413060e+03 3.05659579e+05
1.03538110e+03 2.99258192e+05
1.03663130e+03 2.89862038e+05
1.03788160e+03 2.84407152e+05
1.03913160e+03 2.85094568e+05
1.04038160e+03 2.88199319e+05
1.04163130e+03 2.92287440e+05
1.04288090e+03 3.07109964e+05
1.04413040e+03 3.27775926e+05
1.04537960e+03 3.59622360e+05
1.04662880e+03 4.10533299e+05
1.04787790e+03 4.89854777e+05
1.04912680e+03 5.98904829e+05
1.05037410e+03 7.22905488e+05
1.05162270e+03 7.98307788e+05
1.05287120e+03 7.74051764e+05
1.05411950e+03 6.68337449e+05
1.05536620e+03 5.45125877e+05
1.05661430e+03 4.51984082e+05
1.05786220e+03 3.90165099e+05
1.05910850e+03 3.50207961e+05
1.06035620e+03 3.25929701e+05
1.06160220e+03 3.07323355e+05
1.06284950e+03 2.98156956e+05
1.06409520e+03 2.96201538e+05
1.06534230e+03 2.91152135e+05
1.06658780e+03 2.89478781e+05
1.06783450e+03 2.95875509e+05
1.06907970e+03 2.97447355e+05
1.07032620e+03 3.01619351e+05
1.07157100e+03 3.02313532e+05
1.07281580e+03 3.00384932e+05
1.07406190e+03 2.96243585e+05
1.07530640e+03 3.00601524e+05
1.07655070e+03 2.96547784e+05
1.07779480e+03 2.96645399e+05
1.07903880e+03 3.00329402e+05
1.08028430e+03 3.01998828e+05
1.08152810e+03 3.04656711e+05
1.08277170e+03 3.05374083e+05
1.08401510e+03 3.09115981e+05
1.08525840e+03 3.12881436e+05
1.08650170e+03 3.16942485e+05
1.08774480e+03 3.22706159e+05
1.08898750e+03 3.24430494e+05
1.09023030e+03 3.27259523e+05
1.09147300e+03 3.33011281e+05
1.09271560e+03 3.36372800e+05
1.09395790e+03 3.38438116e+05
1.09519860e+03 3.44751262e+05
1.09644070e+03 3.48009272e+05
1.09768260e+03 3.52369180e+05
1.09892430e+03 3.57019021e+05
1.10016460e+03 3.62131827e+05
