9.00530820e+02 4.90904230e+04
9.01800900e+02 4.21643747e+04
9.03070980e+02 4.00364791e+04
9.04340820e+02 3.94448894e+04
9.05609070e+02 3.63057582e+04
9.06878660e+02 3.48562385e+04
9.08148070e+02 2.95014832e+04
9.09415830e+02 3.18506451e+04
9.10685060e+02 2.79358771e+04
9.11954040e+02 2.92283321e+04
9.13221370e+02 2.51411629e+04
9.14490110e+02 2.22965224e+04
9.15757140e+02 2.01255635e+04
9.17025570e+02 2.06854391e+04
9.18293880e+02 1.57633019e+04
9.19560490e+02 1.73243050e+04
9.20826970e+02 1.38526011e+04
9.22094850e+02 1.16283432e+04
9.23361020e+02 1.23436840e+04
9.24628540e+02 1.25187766e+04
9.25894410e+02 6.53777364e+03
9.27160220e+02 9.39282814e+03
9.28427310e+02 6.52509293e+03
9.29692810e+02 5.56072088e+03
9.30958070e+02 1.58186486e+03
9.32224850e+02 6.25867774e+03
9.33489870e+02 4.57031240e+03
9.34754700e+02 1.14392169e+03
9.36019530e+02 3.12765851e+03
9.37284120e+02 -1.35324299e+02
9.38548580e+02 1.95612615e+03
9.39812870e+02 2.12315142e+01
9.41078550e+02 1.82521344e+03
9.42342590e+02 4.67291778e+02
9.43606450e+02 1.61686382e+02
9.44870180e+02 2.51261710e+03
9.46133730e+02 -8.71749841e+00
9.47395810e+02 1.86488114e+03
9.48659060e+02 -4.07567124e+00
9.49922240e+02 4.01392336e+03
9.51185240e+02 1.24844884e+03
9.52448060e+02 3.52707139e+03
9.53710880e+02 4.83636163e+03
9.54973450e+02 4.87189016e+03
9.56234380e+02 5.45022759e+03
9.57496640e+02 3.38194455e+03
9.58758790e+02 5.40561164e+03
9.60020870e+02 6.21979947e+03
9.61281250e+02 7.90407866e+03
9.62542970e+02 1.11000198e+04
9.63803040e+02 1.10591936e+04
9.65064450e+02 1.17251705e+04
9.66325740e+02 1.88495213e+04
9.67585450e+02 2.09838164e+04
9.68846440e+02 2.12146266e+04
9.70105770e+02 2.59845225e+04
9.71366520e+02 2.93910746e+04
9.72625550e+02 3.55178536e+04
9.73884520e+02 4.00074301e+04
9.75144780e+02 4.70543747e+04
9.76403500e+02 5.89722579e+04
9.77663450e+02 7.49586506e+04
9.78921810e+02 1.00783123e+05
9.80180050e+02 1.36264246e+05
9.81438110e+02 1.93319590e+05
9.82697510e+02 2.85150727e+05
9.83955320e+02 3.91087225e+05
9.85212950e+02 4.64898656e+05
9.86470460e+02 4.44796591e+05
9.87727840e+02 3.53307601e+05
9.88985110e+02 2.49726255e+05
9.90242190e+02 1.80015124e+05
9.91500610e+02 1.29413780e+05
9.92757390e+02 1.06488792e+05
9.94014040e+02 8.37007318e+04
9.95270510e+02 8.03551693e+04
9.96525390e+02 7.17496754e+04
9.97781620e+02 7.18028205e+04
9.99037660e+02 6.69591754e+04
1.00029360e+03 6.90673106e+04
1.00154940e+03 6.84817968e+04
1.00280510e+03 7.30152046e+04
1.00406050e+03 7.52031046e+04
1.00531440e+03 7.55490674e+04
1.00656960e+03 8.10226636e+04
1.00782480e+03 8.46954638e+04
1.00907970e+03 8.64750387e+04
1.01033290e+03 9.42639589e+04
1.01158760e+03 9.66697949e+04
1.01284060e+03 9.83421174e+04
1.01409500e+03 1.04423497e+05
1.01534920e+03 1.05243504e+05
1.01660190e+03 1.11844710e+05
1.01785580e+03 1.12227684e+05
1.01910810e+03 1.17158999e+05
1.02036180e+03 1.13234223e+05
1.02161380e+03 1.14220928e+05
1.02286560e+03 1.14784684e+05
1.02411890e+03 1.09837063e+05
1.02537040e+03 1.06765634e+05
1.02662180e+03 1.02691968e+05
1.02787460e+03 9.84006362e+04
1.02912590e+03 9.45042087e+04
1.03037680e+03 8.79092563e+04
1.03162780e+03 8.44203496e+04
1.03288000e+03 8.02130592e+04
1.03413060e+03 7.23939557e+04
1.03538110e+03 7.26726097e+04
1.03663130e+03 6.88735918e+04
1.03788160e+03 6.59094727e+04
1.03913160e+03 6.62468229e+04
1.04038160e+03 6.56062131e+04
1.04163130e+03 6.38562139e+04
1.04288090e+03 6.80523958e+04
1.04413040e+03 7.28543296e+04
1.04537960e+03 7.86155858e+04
1.04662880e+03 9.04117350e+04
1.04787790e+03 1.09999348e+05
1.04912680e+03 1.35923995e+05
1.05037410e+03 1.65483247e+05
1.05162270e+03 1.80027674e+05
1.05287120e+03 1.68725848e+05
1.05411950e+03 1.38595338e+05
1.05536620e+03 1.06520716e+05
1.05661430e+03 8.31045514e+04
1.05786220e+03 6.71844155e+04
1.05910850e+03 5.76548787e+04
1.06035620e+03 4.87875117e+04
1.06160220e+03 4.41558851e+04
1.06284950e+03 4.08165695e+04
1.06409520e+03 3.90621355e+04
1.06534230e+03 3.49261537e+04
1.06658780e+03 3.24851948e+04
1.06783450e+03 3.40968293e+04
1.06907970e+03 3.15186279e+04
1.07032620e+03 3.18281611e+04
1.07157100e+03 2.91369997e+04
1.07281580e+03 2.70587141e+04
1.07406190e+03 2.32008751e+04
1.07530640e+03 2.70640532e+04
1.07655070e+03 2.33948190e+04
1.07779480e+03 2.15877432e+04
1.07903880e+03 2.00903964e+04
1.08028430e+03 2.06903491e+04
1.08152810e+03 2.07551720e+04
1.08277170e+03 1.67854358e+04
1.08401510e+03 1.76007109e+04
1.08525840e+03 1.69065681e+04
1.08650170e+03 1.59165779e+04
1.08774480e+03 1.74923110e+04
1.08898750e+03 1.63093380e+04
1.09023030e+03 1.41042294e+04
1.09147300e+03 1.58255559e+04
1.09271560e+03 1.49518882e+04
1.09395790e+03 1.44667967e+04
1.09519860e+03 1.56918522e+04
1.09644070e+03 1.34646253e+04
1.09768260e+03 1.47196865e+04
1.09892430e+03 1.48426065e+04
1.10016460e+03 1.51649559e+04
