9.00530820e+02 5.29006853e+04
9.01800900e+02 4.51857819e+04
9.03070980e+02 4.33759853e+04
9.04340820e+02 4.21764024e+04
9.05609070e+02 3.96461400e+04
9.06878660e+02 3.88513049e+04
9.08148070e+02 3.28620040e+04
9.09415830e+02 3.45563441e+04
9.10685060e+02 3.10244320e+04
9.11954040e+02 3.14543746e+04
9.13221370e+02 2.86802787e+04
9.14490110e+02 2.53212512e+04
9.15757140e+02 2.38333989e+04
9.17025570e+02 2.42088285e+04
9.18293880e+02 1.90586471e+04
9.19560490e+02 1.98469613e+04
9.20826970e+02 1.64738780e+04
9.22094850e+02 1.48175041e+04
9.23361020e+02 1.50349463e+04
9.24628540e+02 1.47263116e+04
9.25894410e+02 9.82470678e+03
9.27160220e+02 1.13852386e+04
9.28427310e+02 9.49801399e+03
9.29692810e+02 9.58213972e+03
9.30958070e+02 5.97272264e+03
9.32224850e+02 9.41886960e+03
9.33489870e+02 7.31468742e+03
9.34754700e+02 2.98028294e+03
9.36019530e+02 5.54776299e+03
9.37284120e+02 1.75623442e+03
9.38548580e+02 4.84980405e+03
9.39812870e+02 1.43540071e+03
9.41078550e+02 2.72295323e+03
9.42342590e+02 -4.97377225e+01
9.43606450e+02 7.31285227e+01
9.44870180e+02 3.62429676e+03
9.46133730e+02 9.34260574e+02
9.47395810e+02 1.74751355e+03
9.48659060e+02 1.22054927e+03
9.49922240e+02 1.30286132e+03
9.51185240e+02 9.02943276e+02
9.52448060e+02 2.23428873e+03
9.53710880e+02 2.55739127e+03
9.54973450e+02 2.03574447e+03
9.56234380e+02 2.71184192e+03
9.57496640e+02 2.33517721e+03
9.58758790e+02 2.24724391e+03
9.60020870e+02 3.05453561e+03
9.61281250e+02 5.80454590e+03
9.62542970e+02 8.10876836e+03
9.63803040e+02 5.93469657e+03
9.65064450e+02 7.34782412e+03
9.66325740e+02 1.34046446e+04
9.67585450e+02 1.47836516e+04
9.68846440e+02 1.26723386e+04
9.70105770e+02 1.63601994e+04
9.71366520e+02 1.89307274e+04
9.72625550e+02 2.26384162e+04
9.73884520e+02 2.35297595e+04
9.75144780e+02 2.90362507e+04
9.76403500e+02 3.35513836e+04
9.77663450e+02 4.10626516e+04
9.78921810e+02 5.40575484e+04
9.80180050e+02 6.93435676e+04
9.81438110e+02 9.42802027e+04
9.82697510e+02 1.38331947e+05
9.83955320e+02 1.83658295e+05
9.85212950e+02 2.16309739e+05
9.86470460e+02 2.07155774e+05
9.87727840e+02 1.65186892e+05
9.88985110e+02 1.21181588e+05
9.90242190e+02 9.38163554e+04
9.91500610e+02 6.97736869e+04
9.92757390e+02 6.22610766e+04
9.94014040e+02 5.11930181e+04
9.95270510e+02 5.13590050e+04
9.96525390e+02 4.72005308e+04
9.97781620e+02 4.92840891e+04
9.99037660e+02 4.64651736e+04
1.00029360e+03 4.80332777e+04
1.00154940e+03 4.74648951e+04
1.00280510e+03 5.25145193e+04
1.00406050e+03 5.37276440e+04
1.00531440e+03 5.22857627e+04
1.00656960e+03 5.58443691e+04
1.00782480e+03 5.80009566e+04
1.00907970e+03 5.86380189e+04
1.01033290e+03 6.41190496e+04
1.01158760e+03 6.42665422e+04
1.01284060e+03 6.57089904e+04
1.01409500e+03 6.69948876e+04
1.01534920e+03 6.79117276e+04
1.01660190e+03 7.22140039e+04
1.01785580e+03 7.09162100e+04
1.01910810e+03 7.36778396e+04
1.02036180e+03 7.09493862e+04
1.02161380e+03 7.15483434e+04
1.02286560e+03 7.49352048e+04
1.02411890e+03 7.06784640e+04
1.02537040e+03 6.80806146e+04
1.02662180e+03 6.83081502e+04
1.02787460e+03 6.52835643e+04
1.02912590e+03 6.38093505e+04
1.03037680e+03 6.09650024e+04
1.03162780e+03 5.99280136e+04
1.03288000e+03 5.62778777e+04
1.03413060e+03 5.20910883e+04
1.03538110e+03 5.50671389e+04
1.03663130e+03 5.11485231e+04
1.03788160e+03 4.86517345e+04
1.03913160e+03 4.97832667e+04
1.04038160e+03 4.89766134e+04
1.04163130e+03 4.63692679e+04
1.04288090e+03 4.93547241e+04
1.04413040e+03 5.13884753e+04
1.04537960e+03 5.38310153e+04
1.04662880e+03 5.76968376e+04
1.04787790e+03 6.71874358e+04
1.04912680e+03 7.80323034e+04
1.05037410e+03 9.01109341e+04
1.05162270e+03 9.59338214e+04
1.05287120e+03 9.02434589e+04
1.05411950e+03 7.60553403e+04
1.05536620e+03 6.12899590e+04
1.05661430e+03 5.03008088e+04
1.05786220e+03 4.33173830e+04
1.05910850e+03 3.94561754e+04
1.06035620e+03 3.57846796e+04
1.06160220e+03 3.11383890e+04
1.06284950e+03 2.96997974e+04
1.06409520e+03 2.94443982e+04
1.06534230e+03 2.75046851e+04
1.06658780e+03 2.48021516e+04
1.06783450e+03 2.65562914e+04
1.06907970e+03 2.33515980e+04
1.07032620e+03 2.40635649e+04
1.07157100e+03 2.28896859e+04
1.07281580e+03 2.12424544e+04
1.07406190e+03 1.85473641e+04
1.07530640e+03 2.19529085e+04
1.07655070e+03 1.81545812e+04
1.07779480e+03 1.75338759e+04
1.07903880e+03 1.77642860e+04
1.08028430e+03 1.71193052e+04
1.08152810e+03 1.67664270e+04
1.08277170e+03 1.29901451e+04
1.08401510e+03 1.38919530e+04
1.08525840e+03 1.34363443e+04
1.08650170e+03 1.23758126e+04
1.08774480e+03 1.44188515e+04
1.08898750e+03 1.27609545e+04
1.09023030e+03 1.12876153e+04
1.09147300e+03 1.30573274e+04
1.09271560e+03 1.27945844e+04
1.09395790e+03 1.20408799e+04
1.09519860e+03 1.30007075e+04
1.09644070e+03 1.19595608e+04
1.09768260e+03 1.20709333e+04
1.09892430e+03 1.29223186e+04
1.10016460e+03 1.37922104e+04
