9.00530820e+02 5.66648685e+04
9.01800900e+02 4.94274413e+04
9.03070980e+02 4.65810071e+04
9.04340820e+02 4.51775589e+04
9.05609070e+02 4.37010897e+04
9.06878660e+02 4.23485925e+04
9.08148070e+02 3.62410603e+04
9.09415830e+02 3.69174861e+04
9.10685060e+02 3.28678629e+04
9.11954040e+02 3.47651838e+04
9.13221370e+02 3.09974416e+04
9.14490110e+02 2.79806295e+04
9.15757140e+02 2.61557404e+04
9.17025570e+02 2.67347672e+04
9.18293880e+02 2.08707032e+04
9.19560490e+02 2.20455411e+04
9.20826970e+02 1.82502741e+04
9.22094850e+02 1.71898950e+04
9.23361020e+02 1.71073971e+04
9.24628540e+02 1.63897731e+04
9.25894410e+02 1.22320162e+04
9.27160220e+02 1.40261192e+04
9.28427310e+02 1.07080754e+04
9.29692810e+02 1.17318775e+04
9.30958070e+02 6.70551872e+03
9.32224850e+02 9.22099194e+03
9.33489870e+02 8.49329021e+03
9.34754700e+02 5.76140651e+03
9.36019530e+02 6.56633385e+03
9.37284120e+02 3.52906524e+03
9.38548580e+02 4.51359366e+03
9.39812870e+02 1.57391214e+03
9.41078550e+02 3.80401365e+03
9.42342590e+02 -1.00528853e+02
9.43606450e+02 1.85885754e+03
9.44870180e+02 2.27475713e+03
9.46133730e+02 9.49549716e+02
9.47395810e+02 3.53661511e+03
9.48659060e+02 1.89480429e+03
9.49922240e+02 1.57996823e+03
9.51185240e+02 2.83957921e+02
9.52448060e+02 1.97062433e+03
9.53710880e+02 1.93761341e+03
9.54973450e+02 1.40857111e+03
9.56234380e+02 1.78714339e+03
9.57496640e+02 4.78976186e+02
9.58758790e+02 1.37871546e+03
9.60020870e+02 1.53396394e+03
9.61281250e+02 3.91232437e+03
9.62542970e+02 4.64139950e+03
9.63803040e+02 3.98379205e+03
9.65064450e+02 4.30610478e+03
9.66325740e+02 8.98994041e+03
9.67585450e+02 1.11869017e+04
9.68846440e+02 8.38459137e+03
9.70105770e+02 1.24266122e+04
9.71366520e+02 1.22655668e+04
9.72625550e+02 1.63230581e+04
9.73884520e+02 1.52186887e+04
9.75144780e+02 1.82170614e+04
9.76403500e+02 2.26837790e+04
9.77663450e+02 2.72024440e+04
9.78921810e+02 3.57616594e+04
9.80180050e+02 4.37020279e+04
9.81438110e+02 5.82001521e+04
9.82697510e+02 8.45326348e+04
9.83955320e+02 1.09648079e+05
9.85212950e+02 1.29167087e+05
9.86470460e+02 1.22992262e+05
9.87727840e+02 1.00810206e+05
9.88985110e+02 7.51095223e+04
9.90242190e+02 6.19998137e+04
9.91500610e+02 4.64506828e+04
9.92757390e+02 4.29867323e+04
9.94014040e+02 3.56825650e+04
9.95270510e+02 3.76227837e+04
9.96525390e+02 3.27709910e+04
9.97781620e+02 3.86267897e+04
9.99037660e+02 3.48907825e+04
1.00029360e+03 3.63295722e+04
1.00154940e+03 3.50007615e+04
1.00280510e+03 3.97339531e+04
1.00406050e+03 4.06047499e+04
1.00531440e+03 3.81917545e+04
1.00656960e+03 4.05015696e+04
1.00782480e+03 4.23987981e+04
1.00907970e+03 4.30940426e+04
1.01033290e+03 4.67569059e+04
1.01158760e+03 4.71519908e+04
1.01284060e+03 4.68958999e+04
1.01409500e+03 4.84482360e+04
1.01534920e+03 4.82466019e+04
1.01660190e+03 5.12356002e+04
1.01785580e+03 5.08158338e+04
1.01910810e+03 5.42049054e+04
1.02036180e+03 5.16294176e+04
1.02161380e+03 4.96069733e+04
1.02286560e+03 5.21951752e+04
1.02411890e+03 5.06276260e+04
1.02537040e+03 4.76559285e+04
1.02662180e+03 4.80806854e+04
1.02787460e+03 4.70124994e+04
1.02912590e+03 4.68879733e+04
1.03037680e+03 4.21987098e+04
1.03162780e+03 4.17893117e+04
1.03288000e+03 4.03773817e+04
1.03413060e+03 3.58495225e+04
1.03538110e+03 3.83443369e+04
1.03663130e+03 3.62804277e+04
1.03788160e+03 3.44513975e+04
1.03913160e+03 3.43458491e+04
1.04038160e+03 3.42933852e+04
1.04163130e+03 3.17436086e+04
1.04288090e+03 3.40811220e+04
1.04413040e+03 3.41025282e+04
1.04537960e+03 3.44234299e+04
1.04662880e+03 3.60704298e+04
1.04787790e+03 4.26651307e+04
1.04912680e+03 4.75021353e+04
1.05037410e+03 5.45910463e+04
1.05162270e+03 5.74744666e+04
1.05287120e+03 5.50139988e+04
1.05411950e+03 4.59732456e+04
1.05536620e+03 3.58878099e+04
1.05661430e+03 2.95672943e+04
1.05786220e+03 2.48363016e+04
1.05910850e+03 2.14844346e+04
1.06035620e+03 1.90632959e+04
1.06160220e+03 1.67814883e+04
1.06284950e+03 1.51746146e+04
1.06409520e+03 1.54732775e+04
1.06534230e+03 1.34360797e+04
1.06658780e+03 1.16726240e+04
1.06783450e+03 1.24845130e+04
1.06907970e+03 9.30534967e+03
1.07032620e+03 1.02307366e+04
1.07157100e+03 8.74527652e+03
1.07281580e+03 8.30457222e+03
1.07406190e+03 4.00022643e+03
1.07530640e+03 9.11384189e+03
1.07655070e+03 5.80602134e+03
1.07779480e+03 5.06636750e+03
1.07903880e+03 3.76748314e+03
1.08028430e+03 4.47397097e+03
1.08152810e+03 4.14043375e+03
1.08277170e+03 1.48347422e+03
1.08401510e+03 2.24869510e+03
1.08525840e+03 1.69316539e+03
1.08650170e+03 1.61995405e+03
1.08774480e+03 3.16089751e+03
1.08898750e+03 1.58860052e+03
1.09023030e+03 -6.63321538e+01
1.09147300e+03 1.41252809e+03
1.09271560e+03 1.88939172e+03
1.09395790e+03 -2.57156779e+01
1.09519860e+03 2.00123149e+03
1.09644070e+03 -4.85830344e+01
1.09768260e+03 6.52024500e+02
1.09892430e+03 2.38946005e+03
1.10016460e+03 2.42780962e+03
