9.00530820e+02 3.96718390e+04
9.01800900e+02 3.23151289e+04
9.03070980e+02 3.04471799e+04
9.04340820e+02 3.04127528e+04
9.05609070e+02 2.96126088e+04
9.06878660e+02 2.74355087e+04
9.08148070e+02 2.20212136e+04
9.09415830e+02 2.38994845e+04
9.10685060e+02 2.15330824e+04
9.11954040e+02 2.28607682e+04
9.13221370e+02 1.97043031e+04
9.14490110e+02 1.67154478e+04
9.15757140e+02 1.66839636e+04
9.17025570e+02 1.67046113e+04
9.18293880e+02 1.27011520e+04
9.19560490e+02 1.38233467e+04
9.20826970e+02 9.85495628e+03
9.22094850e+02 7.23974183e+03
9.23361020e+02 9.30046434e+03
9.24628540e+02 9.51588480e+03
9.25894410e+02 4.84876420e+03
9.27160220e+02 8.98686354e+03
9.28427310e+02 4.59894383e+03
9.29692810e+02 4.98876604e+03
9.30958070e+02 2.52109119e+03
9.32224850e+02 4.76868028e+03
9.33489870e+02 2.53229429e+03
9.34754700e+02 1.76469422e+03
9.36019530e+02 4.21664107e+03
9.37284120e+02 6.74895848e+02
9.38548580e+02 2.61521954e+03
9.39812870e+02 5.28195062e+02
9.41078550e+02 2.31140534e+03
9.42342590e+02 -5.64805342e+02
9.43606450e+02 1.01390732e+03
9.44870180e+02 1.93895833e+03
9.46133730e+02 5.27586701e+02
9.47395810e+02 3.33603143e+03
9.48659060e+02 1.15521112e+03
9.49922240e+02 2.14304440e+03
9.51185240e+02 1.52528349e+03
9.52448060e+02 2.39168063e+03
9.53710880e+02 1.87089281e+03
9.54973450e+02 2.69757702e+03
9.56234380e+02 4.00639025e+03
9.57496640e+02 1.60198947e+03
9.58758790e+02 2.20103169e+03
9.60020870e+02 2.85908320e+03
9.61281250e+02 6.11871027e+03
9.62542970e+02 7.65947920e+03
9.63803040e+02 6.18995627e+03
9.65064450e+02 7.11970779e+03
9.66325740e+02 1.08843000e+04
9.67585450e+02 1.30922993e+04
9.68846440e+02 1.02722719e+04
9.70105770e+02 1.49267840e+04
9.71366520e+02 1.40864021e+04
9.72625550e+02 1.91816923e+04
9.73884520e+02 1.78672210e+04
9.75144780e+02 2.13195545e+04
9.76403500e+02 2.26862589e+04
9.77663450e+02 2.60449008e+04
9.78921810e+02 3.23520462e+04
9.80180050e+02 3.71052616e+04
9.81438110e+02 4.41391131e+04
9.82697510e+02 5.91991672e+04
9.83955320e+02 7.15509900e+04
9.85212950e+02 8.26051479e+04
9.86470460e+02 8.12622072e+04
9.87727840e+02 7.02647341e+04
9.88985110e+02 5.63662949e+04
9.90242190e+02 5.28884560e+04
9.91500610e+02 4.40477836e+04
9.92757390e+02 4.41608440e+04
9.94014040e+02 3.76502035e+04
9.95270510e+02 4.26804284e+04
9.96525390e+02 3.86900850e+04
9.97781620e+02 4.35567395e+04
9.99037660e+02 4.03019583e+04
1.00029360e+03 4.34503076e+04
1.00154940e+03 4.26393538e+04
1.00280510e+03 4.56826630e+04
1.00406050e+03 4.68708017e+04
1.00531440e+03 4.52663361e+04
1.00656960e+03 4.76268325e+04
1.00782480e+03 4.94098572e+04
1.00907970e+03 4.89629764e+04
1.01033290e+03 5.38077565e+04
1.01158760e+03 5.28017638e+04
1.01284060e+03 5.12165645e+04
1.01409500e+03 5.31277249e+04
1.01534920e+03 5.19068114e+04
1.01660190e+03 5.61633901e+04
1.01785580e+03 5.37820274e+04
1.01910810e+03 5.69232897e+04
1.02036180e+03 5.54257431e+04
1.02161380e+03 5.56419540e+04
1.02286560e+03 5.85674886e+04
1.02411890e+03 5.51339133e+04
1.02537040e+03 5.40737943e+04
1.02662180e+03 5.33836979e+04
1.02787460e+03 5.33461905e+04
1.02912590e+03 5.29808382e+04
1.03037680e+03 5.08272075e+04
1.03162780e+03 5.04348645e+04
1.03288000e+03 4.93353756e+04
1.03413060e+03 4.52313071e+04
1.03538110e+03 4.90352252e+04
1.03663130e+03 4.74646962e+04
1.03788160e+03 4.59382865e+04
1.03913160e+03 4.60655623e+04
1.04038160e+03 4.64850900e+04
1.04163130e+03 4.26224357e+04
1.04288090e+03 4.41141658e+04
1.04413040e+03 4.34148466e+04
1.04537960e+03 4.53760443e+04
1.04662880e+03 4.41513253e+04
1.04787790e+03 4.73782559e+04
1.04912680e+03 4.96364023e+04
1.05037410e+03 5.43973308e+04
1.05162270e+03 5.44126077e+04
1.05287120e+03 5.16117994e+04
1.05411950e+03 4.61484720e+04
1.05536620e+03 4.01591919e+04
1.05661430e+03 3.59215254e+04
1.05786220e+03 3.44090388e+04
1.05910850e+03 3.22162983e+04
1.06035620e+03 3.07318702e+04
1.06160220e+03 2.80933209e+04
1.06284950e+03 2.74232166e+04
1.06409520e+03 2.80631236e+04
1.06534230e+03 2.52986083e+04
1.06658780e+03 2.35392368e+04
1.06783450e+03 2.48125755e+04
1.06907970e+03 2.08011906e+04
1.07032620e+03 2.16486485e+04
1.07157100e+03 2.08255155e+04
1.07281580e+03 2.05143578e+04
1.07406190e+03 1.67997417e+04
1.07530640e+03 2.04012336e+04
1.07655070e+03 1.85323997e+04
1.07779480e+03 1.63038062e+04
1.07903880e+03 1.54340196e+04
1.08028430e+03 1.62686060e+04
1.08152810e+03 1.62021318e+04
1.08277170e+03 1.25351632e+04
1.08401510e+03 1.34292666e+04
1.08525840e+03 1.20440082e+04
1.08650170e+03 1.19459544e+04
1.08774480e+03 1.30856714e+04
1.08898750e+03 1.14997254e+04
1.09023030e+03 9.31368288e+03
1.09147300e+03 1.09421100e+04
1.09271560e+03 1.12995731e+04
1.09395790e+03 9.25963852e+03
1.09519860e+03 1.10418724e+04
1.09644070e+03 8.93584122e+03
1.09768260e+03 9.98311112e+03
1.09892430e+03 9.96724845e+03
1.10016460e+03 1.00338195e+04
