9.00530820e+02 4.80307987e+04
9.01800900e+02 4.05386993e+04
9.03070980e+02 3.89835908e+04
9.04340820e+02 3.72444643e+04
9.05609070e+02 3.51213107e+04
9.06878660e+02 3.35431210e+04
9.08148070e+02 2.89398861e+04
9.09415830e+02 3.10575972e+04
9.10685060e+02 2.77512450e+04
9.11954040e+02 2.89898206e+04
9.13221370e+02 2.55833150e+04
9.14490110e+02 2.21327191e+04
9.15757140e+02 2.11420240e+04
9.17025570e+02 2.06952205e+04
9.18293880e+02 1.61452997e+04
9.19560490e+02 1.83142525e+04
9.20826970e+02 1.36060700e+04
9.22094850e+02 1.20407430e+04
9.23361020e+02 1.38382626e+04
9.24628540e+02 1.29206197e+04
9.25894410e+02 7.98880529e+03
9.27160220e+02 1.16558104e+04
9.28427310e+02 6.72562594e+03
9.29692810e+02 8.50524293e+03
9.30958070e+02 4.08665231e+03
9.32224850e+02 7.26184507e+03
9.33489870e+02 6.24481218e+03
9.34754700e+02 3.63654462e+03
9.36019530e+02 5.01803335e+03
9.37284120e+02 1.20126936e+03
9.38548580e+02 3.22024361e+03
9.39812870e+02 1.65549666e+03
9.41078550e+02 3.33556907e+03
9.42342590e+02 -2.13998607e+02
9.43606450e+02 6.96334179e+02
9.44870180e+02 3.34980319e+03
9.46133730e+02 7.21237715e+02
9.47395810e+02 3.27746705e+03
9.48659060e+02 1.74008584e+03
9.49922240e+02 3.34168871e+03
9.51185240e+02 8.72870294e+02
9.52448060e+02 2.41322523e+03
9.53710880e+02 2.09228148e+03
9.54973450e+02 2.29956698e+03
9.56234380e+02 2.54260971e+03
9.57496640e+02 1.00493760e+03
9.58758790e+02 3.22307863e+03
9.60020870e+02 2.97956073e+03
9.61281250e+02 4.05791187e+03
9.62542970e+02 7.26266001e+03
9.63803040e+02 6.22333309e+03
9.65064450e+02 4.97645907e+03
9.66325740e+02 1.12165659e+04
9.67585450e+02 1.29421816e+04
9.68846440e+02 9.56783397e+03
9.70105770e+02 1.26210511e+04
9.71366520e+02 1.40933609e+04
9.72625550e+02 1.62992914e+04
9.73884520e+02 1.54613704e+04
9.75144780e+02 1.81841260e+04
9.76403500e+02 1.96350860e+04
9.77663450e+02 2.20997786e+04
9.78921810e+02 2.56897315e+04
9.80180050e+02 2.76244728e+04
9.81438110e+02 3.14085304e+04
9.82697510e+02 4.05614322e+04
9.83955320e+02 4.62357063e+04
9.85212950e+02 5.26848806e+04
9.86470460e+02 5.07994830e+04
9.87727840e+02 4.73930415e+04
9.88985110e+02 4.12550841e+04
9.90242190e+02 4.21751387e+04
9.91500610e+02 3.52757332e+04
9.92757390e+02 3.74973956e+04
9.94014040e+02 3.40146539e+04
9.95270510e+02 3.77610360e+04
9.96525390e+02 3.47160699e+04
9.97781620e+02 3.96422835e+04
9.99037660e+02 3.71122048e+04
1.00029360e+03 3.85693617e+04
1.00154940e+03 3.87462822e+04
1.00280510e+03 4.18134943e+04
1.00406050e+03 4.31035259e+04
1.00531440e+03 4.20459050e+04
1.00656960e+03 4.26051594e+04
1.00782480e+03 4.53368173e+04
1.00907970e+03 4.57634064e+04
1.01033290e+03 4.93394549e+04
1.01158760e+03 4.78584906e+04
1.01284060e+03 4.68390414e+04
1.01409500e+03 4.88016355e+04
1.01534920e+03 4.79158006e+04
1.01660190e+03 5.04900648e+04
1.01785580e+03 4.87469559e+04
1.01910810e+03 5.15300021e+04
1.02036180e+03 4.94617312e+04
1.02161380e+03 4.98196711e+04
1.02286560e+03 5.09963499e+04
1.02411890e+03 4.99562954e+04
1.02537040e+03 4.92400358e+04
1.02662180e+03 4.87290988e+04
1.02787460e+03 4.92440124e+04
1.02912590e+03 5.01983047e+04
1.03037680e+03 4.82795035e+04
1.03162780e+03 4.73941368e+04
1.03288000e+03 4.70387326e+04
1.03413060e+03 4.33138188e+04
1.03538110e+03 4.59349235e+04
1.03663130e+03 4.48855744e+04
1.03788160e+03 4.28162996e+04
1.03913160e+03 4.31026271e+04
1.04038160e+03 4.35410848e+04
1.04163130e+03 4.12452007e+04
1.04288090e+03 4.18095026e+04
1.04413040e+03 4.19385186e+04
1.04537960e+03 4.07977767e+04
1.04662880e+03 4.07198047e+04
1.04787790e+03 4.20891306e+04
1.04912680e+03 4.31862825e+04
1.05037410e+03 4.50657881e+04
1.05162270e+03 4.40311756e+04
1.05287120e+03 4.20509728e+04
1.05411950e+03 3.95777078e+04
1.05536620e+03 3.52889084e+04
1.05661430e+03 3.36591026e+04
1.05786220e+03 3.25258184e+04
1.05910850e+03 3.11715837e+04
1.06035620e+03 2.97029265e+04
1.06160220e+03 2.67053747e+04
1.06284950e+03 2.70154563e+04
1.06409520e+03 2.68916993e+04
1.06534230e+03 2.37636315e+04
1.06658780e+03 2.28767811e+04
1.06783450e+03 2.53596758e+04
1.06907970e+03 2.05438437e+04
1.07032620e+03 2.15678127e+04
1.07157100e+03 2.04751108e+04
1.07281580e+03 1.90352660e+04
1.07406190e+03 1.70448061e+04
1.07530640e+03 2.01572592e+04
1.07655070e+03 1.80551532e+04
1.07779480e+03 1.70630160e+04
1.07903880e+03 1.71923756e+04
1.08028430e+03 1.54417600e+04
1.08152810e+03 1.58116971e+04
1.08277170e+03 1.36277149e+04
1.08401510e+03 1.43563413e+04
1.08525840e+03 1.37461043e+04
1.08650170e+03 1.32675318e+04
1.08774480e+03 1.40511519e+04
1.08898750e+03 1.26214923e+04
1.09023030e+03 1.12550812e+04
1.09147300e+03 1.34684465e+04
1.09271560e+03 1.30711160e+04
1.09395790e+03 1.01436178e+04
1.09519860e+03 1.19594799e+04
1.09644070e+03 1.08872301e+04
1.09768260e+03 1.09803965e+04
1.09892430e+03 1.14365069e+04
1.10016460e+03 1.26220894e+04
