9.00530820e+02 7.04262427e+04
9.01800900e+02 6.10188612e+04
9.03070980e+02 5.80574303e+04
9.04340820e+02 5.69749004e+04
9.05609070e+02 5.36782222e+04
9.06878660e+02 5.12353460e+04
9.08148070e+02 4.55262225e+04
9.09415830e+02 4.50348023e+04
9.10685060e+02 4.08130357e+04
9.11954040e+02 4.18738734e+04
9.13221370e+02 3.59742659e+04
9.14490110e+02 3.29911637e+04
9.15757140e+02 3.05765174e+04
9.17025570e+02 3.07432774e+04
9.18293880e+02 2.47443944e+04
9.19560490e+02 2.55898188e+04
9.20826970e+02 2.08735013e+04
9.22094850e+02 1.86873922e+04
9.23361020e+02 1.89664422e+04
9.24628540e+02 1.69096017e+04
9.25894410e+02 1.20978214e+04
9.27160220e+02 1.42590517e+04
9.28427310e+02 1.02612432e+04
9.29692810e+02 1.14083465e+04
9.30958070e+02 6.17931192e+03
9.32224850e+02 9.17009016e+03
9.33489870e+02 7.95963171e+03
9.34754700e+02 3.59988709e+03
9.36019530e+02 6.14980685e+03
9.37284120e+02 1.16934152e+03
9.38548580e+02 3.64944162e+03
9.39812870e+02 2.64673825e+03
9.41078550e+02 4.16786250e+03
9.42342590e+02 -4.85545377e+01
9.43606450e+02 1.21411822e+03
9.44870180e+02 4.15206261e+03
9.46133730e+02 2.45846045e+03
9.47395810e+02 4.29249356e+03
9.48659060e+02 2.85934379e+03
9.49922240e+02 4.00419295e+03
9.51185240e+02 2.34122287e+03
9.52448060e+02 3.95161538e+03
9.53710880e+02 6.00455230e+03
9.54973450e+02 5.29821547e+03
9.56234380e+02 7.00878670e+03
9.57496640e+02 5.26444783e+03
9.58758790e+02 7.79438068e+03
9.60020870e+02 9.26276708e+03
9.61281250e+02 1.04977889e+04
9.62542970e+02 1.40826278e+04
9.63803040e+02 1.40164658e+04
9.65064450e+02 1.37664847e+04
9.66325740e+02 1.97708663e+04
9.67585450e+02 2.35897923e+04
9.68846440e+02 2.00544447e+04
9.70105770e+02 2.31120053e+04
9.71366520e+02 2.62086558e+04
9.72625550e+02 2.87715782e+04
9.73884520e+02 3.04459542e+04
9.75144780e+02 3.29749657e+04
9.76403500e+02 3.68467945e+04
9.77663450e+02 3.76986224e+04
9.78921810e+02 4.40666313e+04
9.80180050e+02 4.66420029e+04
9.81438110e+02 4.78099192e+04
9.82697510e+02 5.62525619e+04
9.83955320e+02 6.07531128e+04
9.85212950e+02 6.56257539e+04
9.86470460e+02 6.82466668e+04
9.87727840e+02 6.69520335e+04
9.88985110e+02 6.62420358e+04
9.90242190e+02 6.99938554e+04
9.91500610e+02 6.66256743e+04
9.92757390e+02 7.13636742e+04
9.94014040e+02 7.05630370e+04
9.95270510e+02 7.60019445e+04
9.96525390e+02 7.37505786e+04
9.97781620e+02 8.01621210e+04
9.99037660e+02 8.05477536e+04
1.00029360e+03 8.35886581e+04
1.00154940e+03 8.49660166e+04
1.00280510e+03 9.15700107e+04
1.00406050e+03 9.39018223e+04
1.00531440e+03 9.37696332e+04
1.00656960e+03 9.72916252e+04
1.00782480e+03 1.00364980e+05
1.00907970e+03 1.01767880e+05
1.01033290e+03 1.08036507e+05
1.01158760e+03 1.08906041e+05
1.01284060e+03 1.10599667e+05
1.01409500e+03 1.13352564e+05
1.01534920e+03 1.15611915e+05
1.01660190e+03 1.20001902e+05
1.01785580e+03 1.20465707e+05
1.01910810e+03 1.24901511e+05
1.02036180e+03 1.25077496e+05
1.02161380e+03 1.27193844e+05
1.02286560e+03 1.32348737e+05
1.02411890e+03 1.31807357e+05
1.02537040e+03 1.35000886e+05
1.02662180e+03 1.35760505e+05
1.02787460e+03 1.38043396e+05
1.02912590e+03 1.41297741e+05
1.03037680e+03 1.42030722e+05
1.03162780e+03 1.44817520e+05
1.03288000e+03 1.46080319e+05
1.03413060e+03 1.45360298e+05
1.03538110e+03 1.50505641e+05
1.03663130e+03 1.50775528e+05
1.03788160e+03 1.51577143e+05
1.03913160e+03 1.56206666e+05
1.04038160e+03 1.58051280e+05
1.04163130e+03 1.57921165e+05
1.04288090e+03 1.60502505e+05
1.04413040e+03 1.63623481e+05
1.04537960e+03 1.65144275e+05
1.04662880e+03 1.67123069e+05
1.04787790e+03 1.69939043e+05
1.04912680e+03 1.73077381e+05
1.05037410e+03 1.77417265e+05
1.05162270e+03 1.78859875e+05
1.05287120e+03 1.80207394e+05
1.05411950e+03 1.80640003e+05
1.05536620e+03 1.79858885e+05
1.05661430e+03 1.80383221e+05
1.05786220e+03 1.82287193e+05
1.05910850e+03 1.83916983e+05
1.06035620e+03 1.86015772e+05
1.06160220e+03 1.85155744e+05
1.06284950e+03 1.87189078e+05
1.06409520e+03 1.92035958e+05
1.06534230e+03 1.91131565e+05
1.06658780e+03 1.92923080e+05
1.06783450e+03 1.96802687e+05
1.06907970e+03 1.96837565e+05
1.07032620e+03 2.00799898e+05
1.07157100e+03 2.02436868e+05
1.07281580e+03 2.04247655e+05
1.07406190e+03 2.03154442e+05
1.07530640e+03 2.10178411e+05
1.07655070e+03 2.10108743e+05
1.07779480e+03 2.12036620e+05
1.07903880e+03 2.15807225e+05
1.08028430e+03 2.17282738e+05
1.08152810e+03 2.19940342e+05
1.08277170e+03 2.20542219e+05
1.08401510e+03 2.22863550e+05
1.08525840e+03 2.25336518e+05
1.08650170e+03 2.28689303e+05
1.08774480e+03 2.32829089e+05
1.08898750e+03 2.31925056e+05
1.09023030e+03 2.35413387e+05
1.09147300e+03 2.38719263e+05
1.09271560e+03 2.42665866e+05
1.09395790e+03 2.42578379e+05
1.09519860e+03 2.48055982e+05
1.09644070e+03 2.49580858e+05
1.09768260e+03 2.52083188e+05
1.09892430e+03 2.55293155e+05
1.10016460e+03 2.58863940e+05
