9.005308199999999488e+02 2.427717000000000000e+06
9.018008999999999560e+02 2.415005000000000000e+06
9.030709799999999632e+02 2.406364000000000000e+06
9.043408200000000079e+02 2.397051000000000000e+06
9.056090699999999742e+02 2.390581000000000000e+06
9.068786599999999680e+02 2.383260000000000000e+06
9.081480699999999615e+02 2.371376000000000000e+06
9.094158300000000281e+02 2.366672000000000000e+06
9.106850600000000213e+02 2.357446000000000000e+06
9.119540399999999636e+02 2.350491000000000000e+06
9.132213699999999790e+02 2.341153000000000000e+06
9.144901099999999587e+02 2.332963000000000000e+06
9.157571400000000494e+02 2.325112000000000000e+06
9.170255700000000161e+02 2.320643000000000000e+06
9.182938799999999446e+02 2.310290000000000000e+06
9.195604899999999589e+02 2.305952000000000000e+06
9.208269699999999602e+02 2.295135000000000000e+06
9.220948499999999513e+02 2.288977000000000000e+06
9.233610200000000532e+02 2.284127000000000000e+06
9.246285400000000436e+02 2.278230000000000000e+06
9.258944099999999935e+02 2.269565000000000000e+06
9.271602199999999812e+02 2.266459000000000000e+06
9.284273100000000341e+02 2.259275000000000000e+06
9.296928100000000086e+02 2.254173000000000000e+06
9.309580700000000206e+02 2.244903000000000000e+06
9.322248499999999467e+02 2.244665000000000000e+06
9.334898699999999963e+02 2.238401000000000000e+06
9.347546999999999571e+02 2.231850000000000000e+06
9.360195300000000316e+02 2.230856000000000000e+06
9.372841200000000299e+02 2.222698000000000000e+06
9.385485800000000154e+02 2.222786000000000000e+06
9.398128699999999753e+02 2.216256000000000000e+06
9.410785499999999502e+02 2.214959000000000000e+06
9.423425899999999729e+02 2.210202000000000000e+06
9.436064499999999953e+02 2.208434000000000000e+06
9.448701800000000048e+02 2.208259000000000000e+06
9.461337300000000141e+02 2.203371000000000000e+06
9.473958099999999831e+02 2.204258000000000000e+06
9.486590599999999540e+02 2.201300000000000000e+06
9.499222399999999880e+02 2.201874000000000000e+06
9.511852400000000216e+02 2.198562000000000000e+06
9.524480600000000550e+02 2.199033000000000000e+06
9.537108799999999746e+02 2.200807000000000000e+06
9.549734499999999571e+02 2.200992000000000000e+06
9.562343799999999874e+02 2.203026000000000000e+06
9.574966399999999567e+02 2.203301000000000000e+06
9.587587899999999763e+02 2.207578000000000000e+06
9.600208699999999453e+02 2.213346000000000000e+06
9.612812500000000000e+02 2.221187000000000000e+06
9.625429699999999684e+02 2.230905000000000000e+06
9.638030400000000100e+02 2.241556000000000000e+06
9.650644499999999653e+02 2.258284000000000000e+06
9.663257399999999961e+02 2.286420000000000000e+06
9.675854500000000371e+02 2.314644000000000000e+06
9.688464400000000296e+02 2.343632000000000000e+06
9.701057700000000068e+02 2.386038000000000000e+06
9.713665200000000368e+02 2.423102000000000000e+06
9.726255499999999756e+02 2.473725000000000000e+06
9.738845199999999522e+02 2.539565000000000000e+06
9.751447799999999688e+02 2.640435000000000000e+06
9.764035000000000082e+02 2.795255000000000000e+06
9.776634500000000116e+02 3.017208000000000000e+06
9.789218100000000504e+02 3.364755000000000000e+06
9.801800500000000511e+02 3.906500000000000000e+06
9.814381100000000515e+02 4.767182000000000000e+06
9.826975099999999657e+02 6.104976000000000000e+06
9.839553200000000288e+02 7.841115000000000000e+06
9.852129499999999780e+02 9.324880000000000000e+06
9.864704600000000028e+02 9.553452000000000000e+06
9.877278400000000147e+02 8.344269000000000000e+06
9.889851099999999633e+02 6.568824000000000000e+06
9.902421900000000505e+02 5.098360000000000000e+06
9.915006100000000515e+02 4.111174000000000000e+06
9.927573899999999867e+02 3.518116000000000000e+06
9.940140400000000227e+02 3.148548000000000000e+06
9.952705099999999447e+02 2.931450000000000000e+06
9.965253900000000158e+02 2.790247000000000000e+06
9.977816199999999753e+02 2.712209000000000000e+06
9.990376599999999598e+02 2.661081000000000000e+06
1.000293599999999969e+03 2.637236000000000000e+06
1.001549399999999991e+03 2.631981000000000000e+06
1.002805100000000039e+03 2.645886000000000000e+06
1.004060500000000047e+03 2.665303000000000000e+06
1.005314399999999978e+03 2.692216000000000000e+06
1.006569600000000037e+03 2.733091000000000000e+06
1.007824799999999982e+03 2.780048000000000000e+06
1.009079700000000003e+03 2.830034000000000000e+06
1.010332899999999995e+03 2.891740000000000000e+06
1.011587599999999952e+03 2.948196000000000000e+06
1.012840599999999995e+03 3.008288000000000000e+06
1.014095000000000027e+03 3.070516000000000000e+06
1.015349199999999996e+03 3.125281000000000000e+06
1.016601900000000001e+03 3.179750000000000000e+06
1.017855800000000045e+03 3.217039000000000000e+06
1.019108100000000036e+03 3.250116000000000000e+06
1.020361800000000017e+03 3.259500000000000000e+06
1.021613799999999969e+03 3.256274000000000000e+06
1.022865599999999972e+03 3.242093000000000000e+06
1.024118899999999940e+03 3.200947000000000000e+06
1.025370400000000018e+03 3.147948000000000000e+06
1.026621799999999894e+03 3.081902000000000000e+06
1.027874600000000100e+03 3.006294000000000000e+06
1.029125900000000001e+03 2.930683000000000000e+06
1.030376800000000003e+03 2.846495000000000000e+06
1.031627799999999979e+03 2.769412000000000000e+06
1.032880000000000109e+03 2.695164000000000000e+06
1.034130599999999959e+03 2.619022000000000000e+06
1.035381100000000060e+03 2.562980000000000000e+06
1.036631300000000010e+03 2.511221000000000000e+06
1.037881599999999935e+03 2.470929000000000000e+06
1.039131599999999935e+03 2.450295000000000000e+06
1.040381599999999935e+03 2.442247000000000000e+06
1.041631300000000010e+03 2.450330000000000000e+06
1.042880900000000111e+03 2.482923000000000000e+06
1.044130400000000009e+03 2.547870000000000000e+06
1.045379599999999982e+03 2.657354000000000000e+06
1.046628799999999956e+03 2.837627000000000000e+06
1.047877899999999954e+03 3.125103000000000000e+06
1.049126800000000003e+03 3.539392000000000000e+06
1.050374099999999999e+03 4.046045000000000000e+06
1.051622699999999895e+03 4.433200000000000000e+06
1.052871200000000044e+03 4.442425000000000000e+06
1.054119500000000016e+03 4.064915000000000000e+06
1.055366199999999935e+03 3.541260000000000000e+06
1.056614299999999957e+03 3.089861000000000000e+06
1.057862200000000030e+03 2.768896000000000000e+06
1.059108500000000049e+03 2.552153000000000000e+06
1.060356199999999944e+03 2.406745000000000000e+06
1.061602200000000039e+03 2.308905000000000000e+06
1.062849500000000035e+03 2.244169000000000000e+06
1.064095199999999977e+03 2.201022000000000000e+06
1.065342300000000023e+03 2.171950000000000000e+06
1.066587800000000016e+03 2.154985000000000000e+06
1.067834499999999935e+03 2.148689000000000000e+06
1.069079700000000003e+03 2.141662000000000000e+06
1.070326199999999972e+03 2.140915000000000000e+06
1.071570999999999913e+03 2.130697000000000000e+06
1.072815800000000081e+03 2.113256000000000000e+06
1.074061899999999923e+03 2.090934000000000000e+06
1.075306399999999940e+03 2.077524000000000000e+06
1.076550700000000006e+03 2.059899000000000000e+06
1.077794799999999896e+03 2.047242000000000000e+06
1.079038800000000037e+03 2.038555000000000000e+06
1.080284300000000030e+03 2.033538000000000000e+06
1.081528099999999995e+03 2.028945000000000000e+06
1.082771700000000010e+03 2.022834000000000000e+06
1.084015100000000075e+03 2.022433000000000000e+06
1.085258399999999938e+03 2.019548000000000000e+06
1.086501700000000028e+03 2.018873000000000000e+06
1.087744799999999941e+03 2.020355000000000000e+06
1.088987499999999955e+03 2.018003000000000000e+06
1.090230299999999943e+03 2.014796000000000000e+06
1.091472999999999956e+03 2.018397000000000000e+06
1.092715599999999995e+03 2.017647000000000000e+06
1.093957900000000109e+03 2.016078000000000000e+06
1.095198599999999942e+03 2.018477000000000000e+06
1.096440700000000106e+03 2.017111000000000000e+06
1.097682600000000093e+03 2.016315000000000000e+06
1.098924299999999903e+03 2.018187000000000000e+06
1.100164600000000064e+03 2.017322000000000000e+06
