9.005308199999999488e+02 2.415070000000000000e+06
9.018008999999999560e+02 2.401946000000000000e+06
9.030709799999999632e+02 2.392706000000000000e+06
9.043408200000000079e+02 2.384846000000000000e+06
9.056090699999999742e+02 2.377374000000000000e+06
9.068786599999999680e+02 2.368957000000000000e+06
9.081480699999999615e+02 2.356148000000000000e+06
9.094158300000000281e+02 2.352550000000000000e+06
9.106850600000000213e+02 2.342654000000000000e+06
9.119540399999999636e+02 2.336986000000000000e+06
9.132213699999999790e+02 2.327516000000000000e+06
9.144901099999999587e+02 2.318570000000000000e+06
9.157571400000000494e+02 2.311669000000000000e+06
9.170255700000000161e+02 2.305168000000000000e+06
9.182938799999999446e+02 2.294394000000000000e+06
9.195604899999999589e+02 2.288831000000000000e+06
9.208269699999999602e+02 2.280314000000000000e+06
9.220948499999999513e+02 2.271844000000000000e+06
9.233610200000000532e+02 2.266964000000000000e+06
9.246285400000000436e+02 2.261654000000000000e+06
9.258944099999999935e+02 2.250915000000000000e+06
9.271602199999999812e+02 2.247067000000000000e+06
9.284273100000000341e+02 2.238906000000000000e+06
9.296928100000000086e+02 2.234253000000000000e+06
9.309580700000000206e+02 2.224763000000000000e+06
9.322248499999999467e+02 2.223334000000000000e+06
9.334898699999999963e+02 2.215702000000000000e+06
9.347546999999999571e+02 2.208854000000000000e+06
9.360195300000000316e+02 2.205598000000000000e+06
9.372841200000000299e+02 2.196873000000000000e+06
9.385485800000000154e+02 2.194526000000000000e+06
9.398128699999999753e+02 2.189223000000000000e+06
9.410785499999999502e+02 2.186698000000000000e+06
9.423425899999999729e+02 2.178763000000000000e+06
9.436064499999999953e+02 2.175754000000000000e+06
9.448701800000000048e+02 2.173430000000000000e+06
9.461337300000000141e+02 2.167747000000000000e+06
9.473958099999999831e+02 2.166436000000000000e+06
9.486590599999999540e+02 2.160931000000000000e+06
9.499222399999999880e+02 2.161326000000000000e+06
9.511852400000000216e+02 2.155307000000000000e+06
9.524480600000000550e+02 2.154374000000000000e+06
9.537108799999999746e+02 2.151207000000000000e+06
9.549734499999999571e+02 2.150928000000000000e+06
9.562343799999999874e+02 2.148433000000000000e+06
9.574966399999999567e+02 2.146768000000000000e+06
9.587587899999999763e+02 2.146825000000000000e+06
9.600208699999999453e+02 2.147582000000000000e+06
9.612812500000000000e+02 2.150140000000000000e+06
9.625429699999999684e+02 2.154358000000000000e+06
9.638030400000000100e+02 2.156826000000000000e+06
9.650644499999999653e+02 2.163164000000000000e+06
9.663257399999999961e+02 2.176191000000000000e+06
9.675854500000000371e+02 2.190850000000000000e+06
9.688464400000000296e+02 2.201658000000000000e+06
9.701057700000000068e+02 2.222166000000000000e+06
9.713665200000000368e+02 2.237798000000000000e+06
9.726255499999999756e+02 2.263796000000000000e+06
9.738845199999999522e+02 2.296011000000000000e+06
9.751447799999999688e+02 2.347830000000000000e+06
9.764035000000000082e+02 2.424172000000000000e+06
9.776634500000000116e+02 2.538946000000000000e+06
9.789218100000000504e+02 2.720105000000000000e+06
9.801800500000000511e+02 3.001584000000000000e+06
9.814381100000000515e+02 3.451952000000000000e+06
9.826975099999999657e+02 4.155031000000000000e+06
9.839553200000000288e+02 5.047886000000000000e+06
9.852129499999999780e+02 5.757430000000000000e+06
9.864704600000000028e+02 5.758927000000000000e+06
9.877278400000000147e+02 5.058487000000000000e+06
9.889851099999999633e+02 4.155136000000000000e+06
9.902421900000000505e+02 3.456469000000000000e+06
9.915006100000000515e+02 2.994564000000000000e+06
9.927573899999999867e+02 2.724288000000000000e+06
9.940140400000000227e+02 2.550252000000000000e+06
9.952705099999999447e+02 2.452896000000000000e+06
9.965253900000000158e+02 2.384918000000000000e+06
9.977816199999999753e+02 2.350560000000000000e+06
9.990376599999999598e+02 2.325616000000000000e+06
1.000293599999999969e+03 2.316014000000000000e+06
1.001549399999999991e+03 2.309785000000000000e+06
1.002805100000000039e+03 2.319472000000000000e+06
1.004060500000000047e+03 2.329036000000000000e+06
1.005314399999999978e+03 2.340990000000000000e+06
1.006569600000000037e+03 2.361138000000000000e+06
1.007824799999999982e+03 2.385189000000000000e+06
1.009079700000000003e+03 2.408648000000000000e+06
1.010332899999999995e+03 2.438997000000000000e+06
1.011587599999999952e+03 2.465365000000000000e+06
1.012840599999999995e+03 2.493868000000000000e+06
1.014095000000000027e+03 2.524409000000000000e+06
1.015349199999999996e+03 2.549222000000000000e+06
1.016601900000000001e+03 2.577519000000000000e+06
1.017855800000000045e+03 2.593136000000000000e+06
1.019108100000000036e+03 2.607362000000000000e+06
1.020361800000000017e+03 2.609564000000000000e+06
1.021613799999999969e+03 2.604861000000000000e+06
1.022865599999999972e+03 2.595857000000000000e+06
1.024118899999999940e+03 2.571778000000000000e+06
1.025370400000000018e+03 2.542727000000000000e+06
1.026621799999999894e+03 2.508757000000000000e+06
1.027874600000000100e+03 2.470539000000000000e+06
1.029125900000000001e+03 2.429247000000000000e+06
1.030376800000000003e+03 2.386825000000000000e+06
1.031627799999999979e+03 2.347528000000000000e+06
1.032880000000000109e+03 2.308661000000000000e+06
1.034130599999999959e+03 2.270464000000000000e+06
1.035381100000000060e+03 2.242041000000000000e+06
1.036631300000000010e+03 2.216652000000000000e+06
1.037881599999999935e+03 2.196602000000000000e+06
1.039131599999999935e+03 2.186440000000000000e+06
1.040381599999999935e+03 2.183113000000000000e+06
1.041631300000000010e+03 2.187117000000000000e+06
1.042880900000000111e+03 2.205665000000000000e+06
1.044130400000000009e+03 2.240609000000000000e+06
1.045379599999999982e+03 2.298677000000000000e+06
1.046628799999999956e+03 2.393980000000000000e+06
1.047877899999999954e+03 2.547127000000000000e+06
1.049126800000000003e+03 2.765272000000000000e+06
1.050374099999999999e+03 3.019597000000000000e+06
1.051622699999999895e+03 3.188117000000000000e+06
1.052871200000000044e+03 3.152465000000000000e+06
1.054119500000000016e+03 2.934170000000000000e+06
1.055366199999999935e+03 2.667197000000000000e+06
1.056614299999999957e+03 2.453234000000000000e+06
1.057862200000000030e+03 2.303702000000000000e+06
1.059108500000000049e+03 2.204898000000000000e+06
1.060356199999999944e+03 2.136028000000000000e+06
1.061602200000000039e+03 2.090739000000000000e+06
1.062849500000000035e+03 2.059832000000000000e+06
1.064095199999999977e+03 2.040969000000000000e+06
1.065342300000000023e+03 2.024034000000000000e+06
1.066587800000000016e+03 2.015348000000000000e+06
1.067834499999999935e+03 2.014302000000000000e+06
1.069079700000000003e+03 2.007924000000000000e+06
1.070326199999999972e+03 2.007136000000000000e+06
1.071570999999999913e+03 2.000776000000000000e+06
1.072815800000000081e+03 1.990877000000000000e+06
1.074061899999999923e+03 1.977968000000000000e+06
1.075306399999999940e+03 1.972744000000000000e+06
1.076550700000000006e+03 1.963116000000000000e+06
1.077794799999999896e+03 1.954430000000000000e+06
1.079038800000000037e+03 1.949910000000000000e+06
1.080284300000000030e+03 1.947308000000000000e+06
1.081528099999999995e+03 1.944881000000000000e+06
1.082771700000000010e+03 1.940302000000000000e+06
1.084015100000000075e+03 1.938967000000000000e+06
1.085258399999999938e+03 1.937705000000000000e+06
1.086501700000000028e+03 1.935698000000000000e+06
1.087744799999999941e+03 1.936312000000000000e+06
1.088987499999999955e+03 1.934281000000000000e+06
1.090230299999999943e+03 1.932467000000000000e+06
1.091472999999999956e+03 1.932807000000000000e+06
1.092715599999999995e+03 1.931723000000000000e+06
1.093957900000000109e+03 1.929103000000000000e+06
1.095198599999999942e+03 1.930824000000000000e+06
1.096440700000000106e+03 1.929304000000000000e+06
1.097682600000000093e+03 1.928853000000000000e+06
1.098924299999999903e+03 1.928063000000000000e+06
1.100164600000000064e+03 1.928095000000000000e+06
