9.005308199999999488e+02 2.410051000000000000e+06
9.018008999999999560e+02 2.397425000000000000e+06
9.030709799999999632e+02 2.387797000000000000e+06
9.043408200000000079e+02 2.379974000000000000e+06
9.056090699999999742e+02 2.370821000000000000e+06
9.068786599999999680e+02 2.363372000000000000e+06
9.081480699999999615e+02 2.352425000000000000e+06
9.094158300000000281e+02 2.346806000000000000e+06
9.106850600000000213e+02 2.337107000000000000e+06
9.119540399999999636e+02 2.330796000000000000e+06
9.132213699999999790e+02 2.321692000000000000e+06
9.144901099999999587e+02 2.313131000000000000e+06
9.157571400000000494e+02 2.304943000000000000e+06
9.170255700000000161e+02 2.298193000000000000e+06
9.182938799999999446e+02 2.288134000000000000e+06
9.195604899999999589e+02 2.283072000000000000e+06
9.208269699999999602e+02 2.272676000000000000e+06
9.220948499999999513e+02 2.264221000000000000e+06
9.233610200000000532e+02 2.260318000000000000e+06
9.246285400000000436e+02 2.254533000000000000e+06
9.258944099999999935e+02 2.245186000000000000e+06
9.271602199999999812e+02 2.240026000000000000e+06
9.284273100000000341e+02 2.230531000000000000e+06
9.296928100000000086e+02 2.225601000000000000e+06
9.309580700000000206e+02 2.214518000000000000e+06
9.322248499999999467e+02 2.213038000000000000e+06
9.334898699999999963e+02 2.206643000000000000e+06
9.347546999999999571e+02 2.198228000000000000e+06
9.360195300000000316e+02 2.195152000000000000e+06
9.372841200000000299e+02 2.186560000000000000e+06
9.385485800000000154e+02 2.183803000000000000e+06
9.398128699999999753e+02 2.177179000000000000e+06
9.410785499999999502e+02 2.174134000000000000e+06
9.423425899999999729e+02 2.165493000000000000e+06
9.436064499999999953e+02 2.161595000000000000e+06
9.448701800000000048e+02 2.159352000000000000e+06
9.461337300000000141e+02 2.151696000000000000e+06
9.473958099999999831e+02 2.150125000000000000e+06
9.486590599999999540e+02 2.143502000000000000e+06
9.499222399999999880e+02 2.141830000000000000e+06
9.511852400000000216e+02 2.135838000000000000e+06
9.524480600000000550e+02 2.133275000000000000e+06
9.537108799999999746e+02 2.129466000000000000e+06
9.549734499999999571e+02 2.126523000000000000e+06
9.562343799999999874e+02 2.123600000000000000e+06
9.574966399999999567e+02 2.120004000000000000e+06
9.587587899999999763e+02 2.117382000000000000e+06
9.600208699999999453e+02 2.115566000000000000e+06
9.612812500000000000e+02 2.115500000000000000e+06
9.625429699999999684e+02 2.116500000000000000e+06
9.638030400000000100e+02 2.114759000000000000e+06
9.650644499999999653e+02 2.118017000000000000e+06
9.663257399999999961e+02 2.121835000000000000e+06
9.675854500000000371e+02 2.127484000000000000e+06
9.688464400000000296e+02 2.127943000000000000e+06
9.701057700000000068e+02 2.137691000000000000e+06
9.713665200000000368e+02 2.143172000000000000e+06
9.726255499999999756e+02 2.154946000000000000e+06
9.738845199999999522e+02 2.167646000000000000e+06
9.751447799999999688e+02 2.192132000000000000e+06
9.764035000000000082e+02 2.229435000000000000e+06
9.776634500000000116e+02 2.283403000000000000e+06
9.789218100000000504e+02 2.371578000000000000e+06
9.801800500000000511e+02 2.504868000000000000e+06
9.814381100000000515e+02 2.724796000000000000e+06
9.826975099999999657e+02 3.069134000000000000e+06
9.839553200000000288e+02 3.494617000000000000e+06
9.852129499999999780e+02 3.813225000000000000e+06
9.864704600000000028e+02 3.781160000000000000e+06
9.877278400000000147e+02 3.423562000000000000e+06
9.889851099999999633e+02 2.995023000000000000e+06
9.902421900000000505e+02 2.674279000000000000e+06
9.915006100000000515e+02 2.462643000000000000e+06
9.927573899999999867e+02 2.341930000000000000e+06
9.940140400000000227e+02 2.261867000000000000e+06
9.952705099999999447e+02 2.218020000000000000e+06
9.965253900000000158e+02 2.183987000000000000e+06
9.977816199999999753e+02 2.169911000000000000e+06
9.990376599999999598e+02 2.154884000000000000e+06
1.000293599999999969e+03 2.151670000000000000e+06
1.001549399999999991e+03 2.147479000000000000e+06
1.002805100000000039e+03 2.151404000000000000e+06
1.004060500000000047e+03 2.155856000000000000e+06
1.005314399999999978e+03 2.159049000000000000e+06
1.006569600000000037e+03 2.169065000000000000e+06
1.007824799999999982e+03 2.178861000000000000e+06
1.009079700000000003e+03 2.188260000000000000e+06
1.010332899999999995e+03 2.202950000000000000e+06
1.011587599999999952e+03 2.215107000000000000e+06
1.012840599999999995e+03 2.223957000000000000e+06
1.014095000000000027e+03 2.239290000000000000e+06
1.015349199999999996e+03 2.247967000000000000e+06
1.016601900000000001e+03 2.259684000000000000e+06
1.017855800000000045e+03 2.266041000000000000e+06
1.019108100000000036e+03 2.273339000000000000e+06
1.020361800000000017e+03 2.271609000000000000e+06
1.021613799999999969e+03 2.266934000000000000e+06
1.022865599999999972e+03 2.263662000000000000e+06
1.024118899999999940e+03 2.250277000000000000e+06
1.025370400000000018e+03 2.235744000000000000e+06
1.026621799999999894e+03 2.217196000000000000e+06
1.027874600000000100e+03 2.198296000000000000e+06
1.029125900000000001e+03 2.178342000000000000e+06
1.030376800000000003e+03 2.156910000000000000e+06
1.031627799999999979e+03 2.137549000000000000e+06
1.032880000000000109e+03 2.118450000000000000e+06
1.034130599999999959e+03 2.096930000000000000e+06
1.035381100000000060e+03 2.085499000000000000e+06
1.036631300000000010e+03 2.071075000000000000e+06
1.037881599999999935e+03 2.060594000000000000e+06
1.039131599999999935e+03 2.056257000000000000e+06
1.040381599999999935e+03 2.054339000000000000e+06
1.041631300000000010e+03 2.053406000000000000e+06
1.042880900000000111e+03 2.063209000000000000e+06
1.044130400000000009e+03 2.078857000000000000e+06
1.045379599999999982e+03 2.105687000000000000e+06
1.046628799999999956e+03 2.151583000000000000e+06
1.047877899999999954e+03 2.225891000000000000e+06
1.049126800000000003e+03 2.329929000000000000e+06
1.050374099999999999e+03 2.448919000000000000e+06
1.051622699999999895e+03 2.519312000000000000e+06
1.052871200000000044e+03 2.490048000000000000e+06
1.054119500000000016e+03 2.379327000000000000e+06
1.055366199999999935e+03 2.251110000000000000e+06
1.056614299999999957e+03 2.152964000000000000e+06
1.057862200000000030e+03 2.086142000000000000e+06
1.059108500000000049e+03 2.041183000000000000e+06
1.060356199999999944e+03 2.011904000000000000e+06
1.061602200000000039e+03 1.988298000000000000e+06
1.062849500000000035e+03 1.974133000000000000e+06
1.064095199999999977e+03 1.967180000000000000e+06
1.065342300000000023e+03 1.957134000000000000e+06
1.066587800000000016e+03 1.950465000000000000e+06
1.067834499999999935e+03 1.951867000000000000e+06
1.069079700000000003e+03 1.948445000000000000e+06
1.070326199999999972e+03 1.947624000000000000e+06
1.071570999999999913e+03 1.943326000000000000e+06
1.072815800000000081e+03 1.936406000000000000e+06
1.074061899999999923e+03 1.927274000000000000e+06
1.075306399999999940e+03 1.926642000000000000e+06
1.076550700000000006e+03 1.917599000000000000e+06
1.077794799999999896e+03 1.912708000000000000e+06
1.079038800000000037e+03 1.911404000000000000e+06
1.080284300000000030e+03 1.908086000000000000e+06
1.081528099999999995e+03 1.905757000000000000e+06
1.082771700000000010e+03 1.901488000000000000e+06
1.084015100000000075e+03 1.900244000000000000e+06
1.085258399999999938e+03 1.899024000000000000e+06
1.086501700000000028e+03 1.898100000000000000e+06
1.087744799999999941e+03 1.898879000000000000e+06
1.088987499999999955e+03 1.895619000000000000e+06
1.090230299999999943e+03 1.893464000000000000e+06
1.091472999999999956e+03 1.894232000000000000e+06
1.092715599999999995e+03 1.892610000000000000e+06
1.093957900000000109e+03 1.889692000000000000e+06
1.095198599999999942e+03 1.891022000000000000e+06
1.096440700000000106e+03 1.889297000000000000e+06
1.097682600000000093e+03 1.888674000000000000e+06
1.098924299999999903e+03 1.888341000000000000e+06
1.100164600000000064e+03 1.888471000000000000e+06
