9.005308199999999488e+02 2.473678000000000000e+06
9.018008999999999560e+02 2.460247000000000000e+06
9.030709799999999632e+02 2.451616000000000000e+06
9.043408200000000079e+02 2.444525000000000000e+06
9.056090699999999742e+02 2.434892000000000000e+06
9.068786599999999680e+02 2.426956000000000000e+06
9.081480699999999615e+02 2.415124000000000000e+06
9.094158300000000281e+02 2.411007000000000000e+06
9.106850600000000213e+02 2.400639000000000000e+06
9.119540399999999636e+02 2.395493000000000000e+06
9.132213699999999790e+02 2.384984000000000000e+06
9.144901099999999587e+02 2.375736000000000000e+06
9.157571400000000494e+02 2.367182000000000000e+06
9.170255700000000161e+02 2.361381000000000000e+06
9.182938799999999446e+02 2.350122000000000000e+06
9.195604899999999589e+02 2.345372000000000000e+06
9.208269699999999602e+02 2.335617000000000000e+06
9.220948499999999513e+02 2.327139000000000000e+06
9.233610200000000532e+02 2.321632000000000000e+06
9.246285400000000436e+02 2.315618000000000000e+06
9.258944099999999935e+02 2.303483000000000000e+06
9.271602199999999812e+02 2.300221000000000000e+06
9.284273100000000341e+02 2.291275000000000000e+06
9.296928100000000086e+02 2.284273000000000000e+06
9.309580700000000206e+02 2.274299000000000000e+06
9.322248499999999467e+02 2.273025000000000000e+06
9.334898699999999963e+02 2.265432000000000000e+06
9.347546999999999571e+02 2.256149000000000000e+06
9.360195300000000316e+02 2.252326000000000000e+06
9.372841200000000299e+02 2.243308000000000000e+06
9.385485800000000154e+02 2.239698000000000000e+06
9.398128699999999753e+02 2.232117000000000000e+06
9.410785499999999502e+02 2.228332000000000000e+06
9.423425899999999729e+02 2.221444000000000000e+06
9.436064499999999953e+02 2.215669000000000000e+06
9.448701800000000048e+02 2.212613000000000000e+06
9.461337300000000141e+02 2.204749000000000000e+06
9.473958099999999831e+02 2.201346000000000000e+06
9.486590599999999540e+02 2.194268000000000000e+06
9.499222399999999880e+02 2.193146000000000000e+06
9.511852400000000216e+02 2.185309000000000000e+06
9.524480600000000550e+02 2.182584000000000000e+06
9.537108799999999746e+02 2.178957000000000000e+06
9.549734499999999571e+02 2.174123000000000000e+06
9.562343799999999874e+02 2.169898000000000000e+06
9.574966399999999567e+02 2.163092000000000000e+06
9.587587899999999763e+02 2.160443000000000000e+06
9.600208699999999453e+02 2.156649000000000000e+06
9.612812500000000000e+02 2.153789000000000000e+06
9.625429699999999684e+02 2.152504000000000000e+06
9.638030400000000100e+02 2.148045000000000000e+06
9.650644499999999653e+02 2.144355000000000000e+06
9.663257399999999961e+02 2.147185000000000000e+06
9.675854500000000371e+02 2.145086000000000000e+06
9.688464400000000296e+02 2.141144000000000000e+06
9.701057700000000068e+02 2.141801000000000000e+06
9.713665200000000368e+02 2.141154000000000000e+06
9.726255499999999756e+02 2.143286000000000000e+06
9.738845199999999522e+02 2.143839000000000000e+06
9.751447799999999688e+02 2.147007000000000000e+06
9.764035000000000082e+02 2.155103000000000000e+06
9.776634500000000116e+02 2.167324000000000000e+06
9.789218100000000504e+02 2.189439000000000000e+06
9.801800500000000511e+02 2.221266000000000000e+06
9.814381100000000515e+02 2.274722000000000000e+06
9.826975099999999657e+02 2.363008000000000000e+06
9.839553200000000288e+02 2.465453000000000000e+06
9.852129499999999780e+02 2.535826000000000000e+06
9.864704600000000028e+02 2.512338000000000000e+06
9.877278400000000147e+02 2.417515000000000000e+06
9.889851099999999633e+02 2.310651000000000000e+06
9.902421900000000505e+02 2.237708000000000000e+06
9.915006100000000515e+02 2.183925000000000000e+06
9.927573899999999867e+02 2.157868000000000000e+06
9.940140400000000227e+02 2.131997000000000000e+06
9.952705099999999447e+02 2.125617000000000000e+06
9.965253900000000158e+02 2.114025000000000000e+06
9.977816199999999753e+02 2.111139000000000000e+06
9.990376599999999598e+02 2.103403000000000000e+06
1.000293599999999969e+03 2.102665000000000000e+06
1.001549399999999991e+03 2.099279000000000000e+06
1.002805100000000039e+03 2.101057000000000000e+06
1.004060500000000047e+03 2.100534000000000000e+06
1.005314399999999978e+03 2.098213000000000000e+06
1.006569600000000037e+03 2.101063000000000000e+06
1.007824799999999982e+03 2.102155000000000000e+06
1.009079700000000003e+03 2.101396000000000000e+06
1.010332899999999995e+03 2.106688000000000000e+06
1.011587599999999952e+03 2.106638000000000000e+06
1.012840599999999995e+03 2.105895000000000000e+06
1.014095000000000027e+03 2.109601000000000000e+06
1.015349199999999996e+03 2.108085000000000000e+06
1.016601900000000001e+03 2.112389000000000000e+06
1.017855800000000045e+03 2.110513000000000000e+06
1.019108100000000036e+03 2.113223000000000000e+06
1.020361800000000017e+03 2.107114000000000000e+06
1.021613799999999969e+03 2.105953000000000000e+06
1.022865599999999972e+03 2.104405000000000000e+06
1.024118899999999940e+03 2.097381000000000000e+06
1.025370400000000018e+03 2.092268000000000000e+06
1.026621799999999894e+03 2.086187000000000000e+06
1.027874600000000100e+03 2.079922000000000000e+06
1.029125900000000001e+03 2.074085000000000000e+06
1.030376800000000003e+03 2.065582000000000000e+06
1.031627799999999979e+03 2.060217000000000000e+06
1.032880000000000109e+03 2.054165000000000000e+06
1.034130599999999959e+03 2.044532000000000000e+06
1.035381100000000060e+03 2.043027000000000000e+06
1.036631300000000010e+03 2.037474000000000000e+06
1.037881599999999935e+03 2.032785000000000000e+06
1.039131599999999935e+03 2.031426000000000000e+06
1.040381599999999935e+03 2.029117000000000000e+06
1.041631300000000010e+03 2.025726000000000000e+06
1.042880900000000111e+03 2.028308000000000000e+06
1.044130400000000009e+03 2.031522000000000000e+06
1.045379599999999982e+03 2.035721000000000000e+06
1.046628799999999956e+03 2.045980000000000000e+06
1.047877899999999954e+03 2.064055000000000000e+06
1.049126800000000003e+03 2.088491000000000000e+06
1.050374099999999999e+03 2.116585000000000000e+06
1.051622699999999895e+03 2.129687000000000000e+06
1.052871200000000044e+03 2.116965000000000000e+06
1.054119500000000016e+03 2.085436000000000000e+06
1.055366199999999935e+03 2.051984000000000000e+06
1.056614299999999957e+03 2.027211000000000000e+06
1.057862200000000030e+03 2.009954000000000000e+06
1.059108500000000049e+03 1.999107000000000000e+06
1.060356199999999944e+03 1.988941000000000000e+06
1.061602200000000039e+03 1.983029000000000000e+06
1.062849500000000035e+03 1.978427000000000000e+06
1.064095199999999977e+03 1.975427000000000000e+06
1.065342300000000023e+03 1.970062000000000000e+06
1.066587800000000016e+03 1.966408000000000000e+06
1.067834499999999935e+03 1.966822000000000000e+06
1.069079700000000003e+03 1.963061000000000000e+06
1.070326199999999972e+03 1.962202000000000000e+06
1.071570999999999913e+03 1.958356000000000000e+06
1.072815800000000081e+03 1.955136000000000000e+06
1.074061899999999923e+03 1.950149000000000000e+06
1.075306399999999940e+03 1.952895000000000000e+06
1.076550700000000006e+03 1.948120000000000000e+06
1.077794799999999896e+03 1.945218000000000000e+06
1.079038800000000037e+03 1.942636000000000000e+06
1.080284300000000030e+03 1.942161000000000000e+06
1.081528099999999995e+03 1.941160000000000000e+06
1.082771700000000010e+03 1.936133000000000000e+06
1.084015100000000075e+03 1.935899000000000000e+06
1.085258399999999938e+03 1.934163000000000000e+06
1.086501700000000028e+03 1.932138000000000000e+06
1.087744799999999941e+03 1.932685000000000000e+06
1.088987499999999955e+03 1.930479000000000000e+06
1.090230299999999943e+03 1.927256000000000000e+06
1.091472999999999956e+03 1.927964000000000000e+06
1.092715599999999995e+03 1.926081000000000000e+06
1.093957900000000109e+03 1.924590000000000000e+06
1.095198599999999942e+03 1.924812000000000000e+06
1.096440700000000106e+03 1.921584000000000000e+06
1.097682600000000093e+03 1.921840000000000000e+06
1.098924299999999903e+03 1.920965000000000000e+06
1.100164600000000064e+03 1.920290000000000000e+06
