9.005308199999999488e+02 2.344276000000000000e+06
9.018008999999999560e+02 2.330543000000000000e+06
9.030709799999999632e+02 2.322717000000000000e+06
9.043408200000000079e+02 2.315505000000000000e+06
9.056090699999999742e+02 2.306968000000000000e+06
9.068786599999999680e+02 2.300174000000000000e+06
9.081480699999999615e+02 2.288195000000000000e+06
9.094158300000000281e+02 2.283911000000000000e+06
9.106850600000000213e+02 2.274414000000000000e+06
9.119540399999999636e+02 2.268894000000000000e+06
9.132213699999999790e+02 2.260187000000000000e+06
9.144901099999999587e+02 2.250914000000000000e+06
9.157571400000000494e+02 2.243533000000000000e+06
9.170255700000000161e+02 2.238038000000000000e+06
9.182938799999999446e+02 2.227042000000000000e+06
9.195604899999999589e+02 2.222011000000000000e+06
9.208269699999999602e+02 2.212847000000000000e+06
9.220948499999999513e+02 2.205430000000000000e+06
9.233610200000000532e+02 2.199919000000000000e+06
9.246285400000000436e+02 2.193916000000000000e+06
9.258944099999999935e+02 2.183356000000000000e+06
9.271602199999999812e+02 2.179296000000000000e+06
9.284273100000000341e+02 2.171828000000000000e+06
9.296928100000000086e+02 2.166373000000000000e+06
9.309580700000000206e+02 2.157268000000000000e+06
9.322248499999999467e+02 2.155264000000000000e+06
9.334898699999999963e+02 2.147757000000000000e+06
9.347546999999999571e+02 2.138069000000000000e+06
9.360195300000000316e+02 2.135334000000000000e+06
9.372841200000000299e+02 2.126293000000000000e+06
9.385485800000000154e+02 2.124192000000000000e+06
9.398128699999999753e+02 2.115640000000000000e+06
9.410785499999999502e+02 2.111849000000000000e+06
9.423425899999999729e+02 2.104059000000000000e+06
9.436064499999999953e+02 2.099228000000000000e+06
9.448701800000000048e+02 2.097887000000000000e+06
9.461337300000000141e+02 2.090366000000000000e+06
9.473958099999999831e+02 2.086409000000000000e+06
9.486590599999999540e+02 2.081172000000000000e+06
9.499222399999999880e+02 2.076604000000000000e+06
9.511852400000000216e+02 2.071613000000000000e+06
9.524480600000000550e+02 2.068412000000000000e+06
9.537108799999999746e+02 2.064261000000000000e+06
9.549734499999999571e+02 2.059323000000000000e+06
9.562343799999999874e+02 2.055640000000000000e+06
9.574966399999999567e+02 2.050961000000000000e+06
9.587587899999999763e+02 2.046627000000000000e+06
9.600208699999999453e+02 2.043244000000000000e+06
9.612812500000000000e+02 2.041859000000000000e+06
9.625429699999999684e+02 2.040083000000000000e+06
9.638030400000000100e+02 2.033883000000000000e+06
9.650644499999999653e+02 2.031324000000000000e+06
9.663257399999999961e+02 2.033462000000000000e+06
9.675854500000000371e+02 2.030975000000000000e+06
9.688464400000000296e+02 2.025050000000000000e+06
9.701057700000000068e+02 2.024976000000000000e+06
9.713665200000000368e+02 2.023836000000000000e+06
9.726255499999999756e+02 2.023884000000000000e+06
9.738845199999999522e+02 2.021166000000000000e+06
9.751447799999999688e+02 2.023113000000000000e+06
9.764035000000000082e+02 2.024118000000000000e+06
9.776634500000000116e+02 2.028168000000000000e+06
9.789218100000000504e+02 2.037750000000000000e+06
9.801800500000000511e+02 2.049671000000000000e+06
9.814381100000000515e+02 2.071290000000000000e+06
9.826975099999999657e+02 2.112071000000000000e+06
9.839553200000000288e+02 2.154173000000000000e+06
9.852129499999999780e+02 2.183646000000000000e+06
9.864704600000000028e+02 2.171359000000000000e+06
9.877278400000000147e+02 2.126302000000000000e+06
9.889851099999999633e+02 2.079253000000000000e+06
9.902421900000000505e+02 2.048888000000000000e+06
9.915006100000000515e+02 2.021889000000000000e+06
9.927573899999999867e+02 2.011463000000000000e+06
9.940140400000000227e+02 1.997524000000000000e+06
9.952705099999999447e+02 1.994861000000000000e+06
9.965253900000000158e+02 1.987915000000000000e+06
9.977816199999999753e+02 1.987252000000000000e+06
9.990376599999999598e+02 1.981727000000000000e+06
1.000293599999999969e+03 1.980629000000000000e+06
1.001549399999999991e+03 1.977434000000000000e+06
1.002805100000000039e+03 1.979896000000000000e+06
1.004060500000000047e+03 1.978560000000000000e+06
1.005314399999999978e+03 1.974607000000000000e+06
1.006569600000000037e+03 1.975692000000000000e+06
1.007824799999999982e+03 1.975412000000000000e+06
1.009079700000000003e+03 1.973649000000000000e+06
1.010332899999999995e+03 1.976766000000000000e+06
1.011587599999999952e+03 1.974585000000000000e+06
1.012840599999999995e+03 1.973734000000000000e+06
1.014095000000000027e+03 1.972761000000000000e+06
1.015349199999999996e+03 1.971453000000000000e+06
1.016601900000000001e+03 1.973564000000000000e+06
1.017855800000000045e+03 1.970108000000000000e+06
1.019108100000000036e+03 1.970744000000000000e+06
1.020361800000000017e+03 1.965922000000000000e+06
1.021613799999999969e+03 1.964459000000000000e+06
1.022865599999999972e+03 1.965815000000000000e+06
1.024118899999999940e+03 1.959558000000000000e+06
1.025370400000000018e+03 1.954990000000000000e+06
1.026621799999999894e+03 1.953277000000000000e+06
1.027874600000000100e+03 1.948341000000000000e+06
1.029125900000000001e+03 1.944984000000000000e+06
1.030376800000000003e+03 1.940285000000000000e+06
1.031627799999999979e+03 1.937421000000000000e+06
1.032880000000000109e+03 1.931971000000000000e+06
1.034130599999999959e+03 1.926011000000000000e+06
1.035381100000000060e+03 1.927240000000000000e+06
1.036631300000000010e+03 1.921600000000000000e+06
1.037881599999999935e+03 1.917407000000000000e+06
1.039131599999999935e+03 1.916867000000000000e+06
1.040381599999999935e+03 1.914413000000000000e+06
1.041631300000000010e+03 1.910182000000000000e+06
1.042880900000000111e+03 1.911567000000000000e+06
1.044130400000000009e+03 1.912023000000000000e+06
1.045379599999999982e+03 1.912910000000000000e+06
1.046628799999999956e+03 1.915242000000000000e+06
1.047877899999999954e+03 1.923220000000000000e+06
1.049126800000000003e+03 1.932573000000000000e+06
1.050374099999999999e+03 1.943180000000000000e+06
1.051622699999999895e+03 1.947551000000000000e+06
1.052871200000000044e+03 1.940428000000000000e+06
1.054119500000000016e+03 1.924826000000000000e+06
1.055366199999999935e+03 1.908665000000000000e+06
1.056614299999999957e+03 1.896298000000000000e+06
1.057862200000000030e+03 1.887954000000000000e+06
1.059108500000000049e+03 1.882749000000000000e+06
1.060356199999999944e+03 1.877750000000000000e+06
1.061602200000000039e+03 1.871792000000000000e+06
1.062849500000000035e+03 1.869057000000000000e+06
1.064095199999999977e+03 1.867520000000000000e+06
1.065342300000000023e+03 1.864313000000000000e+06
1.066587800000000016e+03 1.860357000000000000e+06
1.067834499999999935e+03 1.860871000000000000e+06
1.069079700000000003e+03 1.856439000000000000e+06
1.070326199999999972e+03 1.855936000000000000e+06
1.071570999999999913e+03 1.853559000000000000e+06
1.072815800000000081e+03 1.850720000000000000e+06
1.074061899999999923e+03 1.846844000000000000e+06
1.075306399999999940e+03 1.849079000000000000e+06
1.076550700000000006e+03 1.844120000000000000e+06
1.077794799999999896e+03 1.842348000000000000e+06
1.079038800000000037e+03 1.841436000000000000e+06
1.080284300000000030e+03 1.839657000000000000e+06
1.081528099999999995e+03 1.838178000000000000e+06
1.082771700000000010e+03 1.833283000000000000e+06
1.084015100000000075e+03 1.833073000000000000e+06
1.085258399999999938e+03 1.831512000000000000e+06
1.086501700000000028e+03 1.829352000000000000e+06
1.087744799999999941e+03 1.830301000000000000e+06
1.088987499999999955e+03 1.827554000000000000e+06
1.090230299999999943e+03 1.824996000000000000e+06
1.091472999999999956e+03 1.825685000000000000e+06
1.092715599999999995e+03 1.824345000000000000e+06
1.093957900000000109e+03 1.822517000000000000e+06
1.095198599999999942e+03 1.822405000000000000e+06
1.096440700000000106e+03 1.820294000000000000e+06
1.097682600000000093e+03 1.819337000000000000e+06
1.098924299999999903e+03 1.819121000000000000e+06
1.100164600000000064e+03 1.818924000000000000e+06
