9.005308199999999488e+02 2.387030000000000000e+06
9.018008999999999560e+02 2.373705000000000000e+06
9.030709799999999632e+02 2.364773000000000000e+06
9.043408200000000079e+02 2.357288000000000000e+06
9.056090699999999742e+02 2.349736000000000000e+06
9.068786599999999680e+02 2.342316000000000000e+06
9.081480699999999615e+02 2.330151000000000000e+06
9.094158300000000281e+02 2.324782000000000000e+06
9.106850600000000213e+02 2.314701000000000000e+06
9.119540399999999636e+02 2.310583000000000000e+06
9.132213699999999790e+02 2.300818000000000000e+06
9.144901099999999587e+02 2.291824000000000000e+06
9.157571400000000494e+02 2.284044000000000000e+06
9.170255700000000161e+02 2.278692000000000000e+06
9.182938799999999446e+02 2.266923000000000000e+06
9.195604899999999589e+02 2.262221000000000000e+06
9.208269699999999602e+02 2.252579000000000000e+06
9.220948499999999513e+02 2.245704000000000000e+06
9.233610200000000532e+02 2.239841000000000000e+06
9.246285400000000436e+02 2.233379000000000000e+06
9.258944099999999935e+02 2.223515000000000000e+06
9.271602199999999812e+02 2.219643000000000000e+06
9.284273100000000341e+02 2.210701000000000000e+06
9.296928100000000086e+02 2.206145000000000000e+06
9.309580700000000206e+02 2.195585000000000000e+06
9.322248499999999467e+02 2.192615000000000000e+06
9.334898699999999963e+02 2.186452000000000000e+06
9.347546999999999571e+02 2.178337000000000000e+06
9.360195300000000316e+02 2.173813000000000000e+06
9.372841200000000299e+02 2.165503000000000000e+06
9.385485800000000154e+02 2.161273000000000000e+06
9.398128699999999753e+02 2.153179000000000000e+06
9.410785499999999502e+02 2.150317000000000000e+06
9.423425899999999729e+02 2.141387000000000000e+06
9.436064499999999953e+02 2.138392000000000000e+06
9.448701800000000048e+02 2.133923000000000000e+06
9.461337300000000141e+02 2.127781000000000000e+06
9.473958099999999831e+02 2.125618000000000000e+06
9.486590599999999540e+02 2.119292000000000000e+06
9.499222399999999880e+02 2.114358000000000000e+06
9.511852400000000216e+02 2.108507000000000000e+06
9.524480600000000550e+02 2.105702000000000000e+06
9.537108799999999746e+02 2.101240000000000000e+06
9.549734499999999571e+02 2.096344000000000000e+06
9.562343799999999874e+02 2.092417000000000000e+06
9.574966399999999567e+02 2.086864000000000000e+06
9.587587899999999763e+02 2.083579000000000000e+06
9.600208699999999453e+02 2.079609000000000000e+06
9.612812500000000000e+02 2.077921000000000000e+06
9.625429699999999684e+02 2.074642000000000000e+06
9.638030400000000100e+02 2.070034000000000000e+06
9.650644499999999653e+02 2.066463000000000000e+06
9.663257399999999961e+02 2.067310000000000000e+06
9.675854500000000371e+02 2.065726000000000000e+06
9.688464400000000296e+02 2.059198000000000000e+06
9.701057700000000068e+02 2.059569000000000000e+06
9.713665200000000368e+02 2.055791000000000000e+06
9.726255499999999756e+02 2.056285000000000000e+06
9.738845199999999522e+02 2.051670000000000000e+06
9.751447799999999688e+02 2.051210000000000000e+06
9.764035000000000082e+02 2.052270000000000000e+06
9.776634500000000116e+02 2.053433000000000000e+06
9.789218100000000504e+02 2.058687000000000000e+06
9.801800500000000511e+02 2.063372000000000000e+06
9.814381100000000515e+02 2.074664000000000000e+06
9.826975099999999657e+02 2.097839000000000000e+06
9.839553200000000288e+02 2.119845000000000000e+06
9.852129499999999780e+02 2.136302000000000000e+06
9.864704600000000028e+02 2.127112000000000000e+06
9.877278400000000147e+02 2.101961000000000000e+06
9.889851099999999633e+02 2.073337000000000000e+06
9.902421900000000505e+02 2.057349000000000000e+06
9.915006100000000515e+02 2.038966000000000000e+06
9.927573899999999867e+02 2.032712000000000000e+06
9.940140400000000227e+02 2.022661000000000000e+06
9.952705099999999447e+02 2.021897000000000000e+06
9.965253900000000158e+02 2.014383000000000000e+06
9.977816199999999753e+02 2.017618000000000000e+06
9.990376599999999598e+02 2.011302000000000000e+06
1.000293599999999969e+03 2.010201000000000000e+06
1.001549399999999991e+03 2.006372000000000000e+06
1.002805100000000039e+03 2.008644000000000000e+06
1.004060500000000047e+03 2.007092000000000000e+06
1.005314399999999978e+03 2.002294000000000000e+06
1.006569600000000037e+03 2.002256000000000000e+06
1.007824799999999982e+03 2.001842000000000000e+06
1.009079700000000003e+03 2.000262000000000000e+06
1.010332899999999995e+03 2.001685000000000000e+06
1.011587599999999952e+03 1.999875000000000000e+06
1.012840599999999995e+03 1.997448000000000000e+06
1.014095000000000027e+03 1.996863000000000000e+06
1.015349199999999996e+03 1.994557000000000000e+06
1.016601900000000001e+03 1.995474000000000000e+06
1.017855800000000045e+03 1.993014000000000000e+06
1.019108100000000036e+03 1.994394000000000000e+06
1.020361800000000017e+03 1.989840000000000000e+06
1.021613799999999969e+03 1.985869000000000000e+06
1.022865599999999972e+03 1.986538000000000000e+06
1.024118899999999940e+03 1.983080000000000000e+06
1.025370400000000018e+03 1.978246000000000000e+06
1.026621799999999894e+03 1.976836000000000000e+06
1.027874600000000100e+03 1.973960000000000000e+06
1.029125900000000001e+03 1.972054000000000000e+06
1.030376800000000003e+03 1.965609000000000000e+06
1.031627799999999979e+03 1.963469000000000000e+06
1.032880000000000109e+03 1.960351000000000000e+06
1.034130599999999959e+03 1.954141000000000000e+06
1.035381100000000060e+03 1.954977000000000000e+06
1.036631300000000010e+03 1.951277000000000000e+06
1.037881599999999935e+03 1.947834000000000000e+06
1.039131599999999935e+03 1.946136000000000000e+06
1.040381599999999935e+03 1.944512000000000000e+06
1.041631300000000010e+03 1.940411000000000000e+06
1.042880900000000111e+03 1.941217000000000000e+06
1.044130400000000009e+03 1.939726000000000000e+06
1.045379599999999982e+03 1.938553000000000000e+06
1.046628799999999956e+03 1.938724000000000000e+06
1.047877899999999954e+03 1.943860000000000000e+06
1.049126800000000003e+03 1.947255000000000000e+06
1.050374099999999999e+03 1.952918000000000000e+06
1.051622699999999895e+03 1.954391000000000000e+06
1.052871200000000044e+03 1.950535000000000000e+06
1.054119500000000016e+03 1.940113000000000000e+06
1.055366199999999935e+03 1.928660000000000000e+06
1.056614299999999957e+03 1.920985000000000000e+06
1.057862200000000030e+03 1.914912000000000000e+06
1.059108500000000049e+03 1.910230000000000000e+06
1.060356199999999944e+03 1.906490000000000000e+06
1.061602200000000039e+03 1.902900000000000000e+06
1.062849500000000035e+03 1.899995000000000000e+06
1.064095199999999977e+03 1.899005000000000000e+06
1.065342300000000023e+03 1.895688000000000000e+06
1.066587800000000016e+03 1.892653000000000000e+06
1.067834499999999935e+03 1.892201000000000000e+06
1.069079700000000003e+03 1.887765000000000000e+06
1.070326199999999972e+03 1.887440000000000000e+06
1.071570999999999913e+03 1.884710000000000000e+06
1.072815800000000081e+03 1.883030000000000000e+06
1.074061899999999923e+03 1.877491000000000000e+06
1.075306399999999940e+03 1.881374000000000000e+06
1.076550700000000006e+03 1.876839000000000000e+06
1.077794799999999896e+03 1.874875000000000000e+06
1.079038800000000037e+03 1.872354000000000000e+06
1.080284300000000030e+03 1.871840000000000000e+06
1.081528099999999995e+03 1.870287000000000000e+06
1.082771700000000010e+03 1.866411000000000000e+06
1.084015100000000075e+03 1.865957000000000000e+06
1.085258399999999938e+03 1.864182000000000000e+06
1.086501700000000028e+03 1.862889000000000000e+06
1.087744799999999941e+03 1.863210000000000000e+06
1.088987499999999955e+03 1.860418000000000000e+06
1.090230299999999943e+03 1.857544000000000000e+06
1.091472999999999956e+03 1.857805000000000000e+06
1.092715599999999995e+03 1.857065000000000000e+06
1.093957900000000109e+03 1.853934000000000000e+06
1.095198599999999942e+03 1.854746000000000000e+06
1.096440700000000106e+03 1.851482000000000000e+06
1.097682600000000093e+03 1.850969000000000000e+06
1.098924299999999903e+03 1.851493000000000000e+06
1.100164600000000064e+03 1.850318000000000000e+06
