9.005308199999999488e+02 2.391331000000000000e+06
9.018008999999999560e+02 2.377268000000000000e+06
9.030709799999999632e+02 2.368696000000000000e+06
9.043408200000000079e+02 2.361962000000000000e+06
9.056090699999999742e+02 2.354469000000000000e+06
9.068786599999999680e+02 2.345608000000000000e+06
9.081480699999999615e+02 2.333521000000000000e+06
9.094158300000000281e+02 2.328740000000000000e+06
9.106850600000000213e+02 2.319730000000000000e+06
9.119540399999999636e+02 2.314432000000000000e+06
9.132213699999999790e+02 2.304670000000000000e+06
9.144901099999999587e+02 2.295098000000000000e+06
9.157571400000000494e+02 2.288508000000000000e+06
9.170255700000000161e+02 2.281997000000000000e+06
9.182938799999999446e+02 2.271491000000000000e+06
9.195604899999999589e+02 2.266142000000000000e+06
9.208269699999999602e+02 2.255736000000000000e+06
9.220948499999999513e+02 2.246719000000000000e+06
9.233610200000000532e+02 2.242416000000000000e+06
9.246285400000000436e+02 2.236308000000000000e+06
9.258944099999999935e+02 2.225360000000000000e+06
9.271602199999999812e+02 2.223262000000000000e+06
9.284273100000000341e+02 2.212685000000000000e+06
9.296928100000000086e+02 2.206935000000000000e+06
9.309580700000000206e+02 2.198379000000000000e+06
9.322248499999999467e+02 2.194592000000000000e+06
9.334898699999999963e+02 2.186377000000000000e+06
9.347546999999999571e+02 2.179689000000000000e+06
9.360195300000000316e+02 2.176281000000000000e+06
9.372841200000000299e+02 2.166942000000000000e+06
9.385485800000000154e+02 2.163150000000000000e+06
9.398128699999999753e+02 2.155398000000000000e+06
9.410785499999999502e+02 2.151586000000000000e+06
9.423425899999999729e+02 2.143187000000000000e+06
9.436064499999999953e+02 2.139318000000000000e+06
9.448701800000000048e+02 2.134869000000000000e+06
9.461337300000000141e+02 2.128156000000000000e+06
9.473958099999999831e+02 2.125734000000000000e+06
9.486590599999999540e+02 2.118393000000000000e+06
9.499222399999999880e+02 2.114290000000000000e+06
9.511852400000000216e+02 2.108650000000000000e+06
9.524480600000000550e+02 2.104562000000000000e+06
9.537108799999999746e+02 2.099154000000000000e+06
9.549734499999999571e+02 2.095160000000000000e+06
9.562343799999999874e+02 2.091714000000000000e+06
9.574966399999999567e+02 2.084620000000000000e+06
9.587587899999999763e+02 2.080594000000000000e+06
9.600208699999999453e+02 2.076691000000000000e+06
9.612812500000000000e+02 2.075453000000000000e+06
9.625429699999999684e+02 2.072559000000000000e+06
9.638030400000000100e+02 2.066717000000000000e+06
9.650644499999999653e+02 2.063336000000000000e+06
9.663257399999999961e+02 2.062851000000000000e+06
9.675854500000000371e+02 2.060870000000000000e+06
9.688464400000000296e+02 2.053921000000000000e+06
9.701057700000000068e+02 2.054506000000000000e+06
9.713665200000000368e+02 2.049655000000000000e+06
9.726255499999999756e+02 2.050798000000000000e+06
9.738845199999999522e+02 2.045589000000000000e+06
9.751447799999999688e+02 2.045204000000000000e+06
9.764035000000000082e+02 2.042790000000000000e+06
9.776634500000000116e+02 2.042424000000000000e+06
9.789218100000000504e+02 2.045062000000000000e+06
9.801800500000000511e+02 2.046201000000000000e+06
9.814381100000000515e+02 2.049675000000000000e+06
9.826975099999999657e+02 2.061229000000000000e+06
9.839553200000000288e+02 2.070128000000000000e+06
9.852129499999999780e+02 2.077782000000000000e+06
9.864704600000000028e+02 2.073091000000000000e+06
9.877278400000000147e+02 2.058797000000000000e+06
9.889851099999999633e+02 2.041653000000000000e+06
9.902421900000000505e+02 2.034980000000000000e+06
9.915006100000000515e+02 2.022994000000000000e+06
9.927573899999999867e+02 2.020011000000000000e+06
9.940140400000000227e+02 2.010453000000000000e+06
9.952705099999999447e+02 2.012484000000000000e+06
9.965253900000000158e+02 2.005542000000000000e+06
9.977816199999999753e+02 2.007504000000000000e+06
9.990376599999999598e+02 2.001391000000000000e+06
1.000293599999999969e+03 2.001727000000000000e+06
1.001549399999999991e+03 1.998149000000000000e+06
1.002805100000000039e+03 1.998470000000000000e+06
1.004060500000000047e+03 1.996980000000000000e+06
1.005314399999999978e+03 1.992741000000000000e+06
1.006569600000000037e+03 1.992510000000000000e+06
1.007824799999999982e+03 1.991744000000000000e+06
1.009079700000000003e+03 1.988790000000000000e+06
1.010332899999999995e+03 1.991169000000000000e+06
1.011587599999999952e+03 1.987738000000000000e+06
1.012840599999999995e+03 1.983768000000000000e+06
1.014095000000000027e+03 1.983334000000000000e+06
1.015349199999999996e+03 1.979807000000000000e+06
1.016601900000000001e+03 1.981796000000000000e+06
1.017855800000000045e+03 1.977185000000000000e+06
1.019108100000000036e+03 1.978134000000000000e+06
1.020361800000000017e+03 1.974481000000000000e+06
1.021613799999999969e+03 1.972578000000000000e+06
1.022865599999999972e+03 1.973420000000000000e+06
1.024118899999999940e+03 1.967938000000000000e+06
1.025370400000000018e+03 1.964864000000000000e+06
1.026621799999999894e+03 1.962194000000000000e+06
1.027874600000000100e+03 1.960210000000000000e+06
1.029125900000000001e+03 1.957931000000000000e+06
1.030376800000000003e+03 1.953896000000000000e+06
1.031627799999999979e+03 1.951654000000000000e+06
1.032880000000000109e+03 1.948736000000000000e+06
1.034130599999999959e+03 1.942844000000000000e+06
1.035381100000000060e+03 1.944890000000000000e+06
1.036631300000000010e+03 1.941591000000000000e+06
1.037881599999999935e+03 1.938365000000000000e+06
1.039131599999999935e+03 1.936821000000000000e+06
1.040381599999999935e+03 1.935597000000000000e+06
1.041631300000000010e+03 1.930118000000000000e+06
1.042880900000000111e+03 1.930020000000000000e+06
1.044130400000000009e+03 1.927757000000000000e+06
1.045379599999999982e+03 1.928180000000000000e+06
1.046628799999999956e+03 1.925442000000000000e+06
1.047877899999999954e+03 1.927180000000000000e+06
1.049126800000000003e+03 1.927973000000000000e+06
1.050374099999999999e+03 1.931292000000000000e+06
1.051622699999999895e+03 1.929888000000000000e+06
1.052871200000000044e+03 1.925690000000000000e+06
1.054119500000000016e+03 1.918851000000000000e+06
1.055366199999999935e+03 1.911507000000000000e+06
1.056614299999999957e+03 1.905935000000000000e+06
1.057862200000000030e+03 1.903108000000000000e+06
1.059108500000000049e+03 1.899620000000000000e+06
1.060356199999999944e+03 1.896859000000000000e+06
1.061602200000000039e+03 1.892962000000000000e+06
1.062849500000000035e+03 1.891051000000000000e+06
1.064095199999999977e+03 1.890467000000000000e+06
1.065342300000000023e+03 1.886495000000000000e+06
1.066587800000000016e+03 1.883544000000000000e+06
1.067834499999999935e+03 1.883641000000000000e+06
1.069079700000000003e+03 1.878468000000000000e+06
1.070326199999999972e+03 1.878168000000000000e+06
1.071570999999999913e+03 1.876211000000000000e+06
1.072815800000000081e+03 1.874779000000000000e+06
1.074061899999999923e+03 1.869956000000000000e+06
1.075306399999999940e+03 1.872461000000000000e+06
1.076550700000000006e+03 1.869507000000000000e+06
1.077794799999999896e+03 1.866204000000000000e+06
1.079038800000000037e+03 1.864270000000000000e+06
1.080284300000000030e+03 1.864050000000000000e+06
1.081528099999999995e+03 1.862938000000000000e+06
1.082771700000000010e+03 1.858234000000000000e+06
1.084015100000000075e+03 1.858099000000000000e+06
1.085258399999999938e+03 1.855692000000000000e+06
1.086501700000000028e+03 1.854579000000000000e+06
1.087744799999999941e+03 1.854710000000000000e+06
1.088987499999999955e+03 1.852121000000000000e+06
1.090230299999999943e+03 1.848937000000000000e+06
1.091472999999999956e+03 1.849572000000000000e+06
1.092715599999999995e+03 1.848940000000000000e+06
1.093957900000000109e+03 1.845914000000000000e+06
1.095198599999999942e+03 1.846713000000000000e+06
1.096440700000000106e+03 1.843626000000000000e+06
1.097682600000000093e+03 1.843694000000000000e+06
1.098924299999999903e+03 1.842700000000000000e+06
1.100164600000000064e+03 1.841789000000000000e+06
