9.005308199999999488e+02 2.383241000000000000e+06
9.018008999999999560e+02 2.369378000000000000e+06
9.030709799999999632e+02 2.361454000000000000e+06
9.043408200000000079e+02 2.353350000000000000e+06
9.056090699999999742e+02 2.344868000000000000e+06
9.068786599999999680e+02 2.336939000000000000e+06
9.081480699999999615e+02 2.325995000000000000e+06
9.094158300000000281e+02 2.321784000000000000e+06
9.106850600000000213e+02 2.312163000000000000e+06
9.119540399999999636e+02 2.307103000000000000e+06
9.132213699999999790e+02 2.297416000000000000e+06
9.144901099999999587e+02 2.287705000000000000e+06
9.157571400000000494e+02 2.280476000000000000e+06
9.170255700000000161e+02 2.273815000000000000e+06
9.182938799999999446e+02 2.263077000000000000e+06
9.195604899999999589e+02 2.259086000000000000e+06
9.208269699999999602e+02 2.248248000000000000e+06
9.220948499999999513e+02 2.240585000000000000e+06
9.233610200000000532e+02 2.236319000000000000e+06
9.246285400000000436e+02 2.229374000000000000e+06
9.258944099999999935e+02 2.218453000000000000e+06
9.271602199999999812e+02 2.216171000000000000e+06
9.284273100000000341e+02 2.205334000000000000e+06
9.296928100000000086e+02 2.201251000000000000e+06
9.309580700000000206e+02 2.191016000000000000e+06
9.322248499999999467e+02 2.188423000000000000e+06
9.334898699999999963e+02 2.181688000000000000e+06
9.347546999999999571e+02 2.173414000000000000e+06
9.360195300000000316e+02 2.169184000000000000e+06
9.372841200000000299e+02 2.159812000000000000e+06
9.385485800000000154e+02 2.156334000000000000e+06
9.398128699999999753e+02 2.149333000000000000e+06
9.410785499999999502e+02 2.145640000000000000e+06
9.423425899999999729e+02 2.136783000000000000e+06
9.436064499999999953e+02 2.132454000000000000e+06
9.448701800000000048e+02 2.129935000000000000e+06
9.461337300000000141e+02 2.122200000000000000e+06
9.473958099999999831e+02 2.119715000000000000e+06
9.486590599999999540e+02 2.113201000000000000e+06
9.499222399999999880e+02 2.109890000000000000e+06
9.511852400000000216e+02 2.102572000000000000e+06
9.524480600000000550e+02 2.099326000000000000e+06
9.537108799999999746e+02 2.094281000000000000e+06
9.549734499999999571e+02 2.089826000000000000e+06
9.562343799999999874e+02 2.085468000000000000e+06
9.574966399999999567e+02 2.079390000000000000e+06
9.587587899999999763e+02 2.077128000000000000e+06
9.600208699999999453e+02 2.072464000000000000e+06
9.612812500000000000e+02 2.069181000000000000e+06
9.625429699999999684e+02 2.068083000000000000e+06
9.638030400000000100e+02 2.062799000000000000e+06
9.650644499999999653e+02 2.057365000000000000e+06
9.663257399999999961e+02 2.059475000000000000e+06
9.675854500000000371e+02 2.057127000000000000e+06
9.688464400000000296e+02 2.049735000000000000e+06
9.701057700000000068e+02 2.048826000000000000e+06
9.713665200000000368e+02 2.046391000000000000e+06
9.726255499999999756e+02 2.044744000000000000e+06
9.738845199999999522e+02 2.040107000000000000e+06
9.751447799999999688e+02 2.039084000000000000e+06
9.764035000000000082e+02 2.036842000000000000e+06
9.776634500000000116e+02 2.035666000000000000e+06
9.789218100000000504e+02 2.035667000000000000e+06
9.801800500000000511e+02 2.034064000000000000e+06
9.814381100000000515e+02 2.034361000000000000e+06
9.826975099999999657e+02 2.040077000000000000e+06
9.839553200000000288e+02 2.042364000000000000e+06
9.852129499999999780e+02 2.045475000000000000e+06
9.864704600000000028e+02 2.040300000000000000e+06
9.877278400000000147e+02 2.033652000000000000e+06
9.889851099999999633e+02 2.024320000000000000e+06
9.902421900000000505e+02 2.022093000000000000e+06
9.915006100000000515e+02 2.012093000000000000e+06
9.927573899999999867e+02 2.011260000000000000e+06
9.940140400000000227e+02 2.004768000000000000e+06
9.952705099999999447e+02 2.005550000000000000e+06
9.965253900000000158e+02 1.999585000000000000e+06
9.977816199999999753e+02 2.001635000000000000e+06
9.990376599999999598e+02 1.996272000000000000e+06
1.000293599999999969e+03 1.994939000000000000e+06
1.001549399999999991e+03 1.992368000000000000e+06
1.002805100000000039e+03 1.992729000000000000e+06
1.004060500000000047e+03 1.991354000000000000e+06
1.005314399999999978e+03 1.987672000000000000e+06
1.006569600000000037e+03 1.985647000000000000e+06
1.007824799999999982e+03 1.985834000000000000e+06
1.009079700000000003e+03 1.983755000000000000e+06
1.010332899999999995e+03 1.984864000000000000e+06
1.011587599999999952e+03 1.980954000000000000e+06
1.012840599999999995e+03 1.977543000000000000e+06
1.014095000000000027e+03 1.977151000000000000e+06
1.015349199999999996e+03 1.973947000000000000e+06
1.016601900000000001e+03 1.974239000000000000e+06
1.017855800000000045e+03 1.970249000000000000e+06
1.019108100000000036e+03 1.970820000000000000e+06
1.020361800000000017e+03 1.966574000000000000e+06
1.021613799999999969e+03 1.964788000000000000e+06
1.022865599999999972e+03 1.963854000000000000e+06
1.024118899999999940e+03 1.960736000000000000e+06
1.025370400000000018e+03 1.957974000000000000e+06
1.026621799999999894e+03 1.955449000000000000e+06
1.027874600000000100e+03 1.953981000000000000e+06
1.029125900000000001e+03 1.952983000000000000e+06
1.030376800000000003e+03 1.949142000000000000e+06
1.031627799999999979e+03 1.946364000000000000e+06
1.032880000000000109e+03 1.944145000000000000e+06
1.034130599999999959e+03 1.938585000000000000e+06
1.035381100000000060e+03 1.939399000000000000e+06
1.036631300000000010e+03 1.936570000000000000e+06
1.037881599999999935e+03 1.932748000000000000e+06
1.039131599999999935e+03 1.931308000000000000e+06
1.040381599999999935e+03 1.930046000000000000e+06
1.041631300000000010e+03 1.926075000000000000e+06
1.042880900000000111e+03 1.924989000000000000e+06
1.044130400000000009e+03 1.923492000000000000e+06
1.045379599999999982e+03 1.920749000000000000e+06
1.046628799999999956e+03 1.919092000000000000e+06
1.047877899999999954e+03 1.918905000000000000e+06
1.049126800000000003e+03 1.918468000000000000e+06
1.050374099999999999e+03 1.918835000000000000e+06
1.051622699999999895e+03 1.916309000000000000e+06
1.052871200000000044e+03 1.912858000000000000e+06
1.054119500000000016e+03 1.908934000000000000e+06
1.055366199999999935e+03 1.903214000000000000e+06
1.056614299999999957e+03 1.900172000000000000e+06
1.057862200000000030e+03 1.897645000000000000e+06
1.059108500000000049e+03 1.894915000000000000e+06
1.060356199999999944e+03 1.892088000000000000e+06
1.061602200000000039e+03 1.887749000000000000e+06
1.062849500000000035e+03 1.886734000000000000e+06
1.064095199999999977e+03 1.885301000000000000e+06
1.065342300000000023e+03 1.880879000000000000e+06
1.066587800000000016e+03 1.878713000000000000e+06
1.067834499999999935e+03 1.879931000000000000e+06
1.069079700000000003e+03 1.873864000000000000e+06
1.070326199999999972e+03 1.873650000000000000e+06
1.071570999999999913e+03 1.871332000000000000e+06
1.072815800000000081e+03 1.868679000000000000e+06
1.074061899999999923e+03 1.865487000000000000e+06
1.075306399999999940e+03 1.867409000000000000e+06
1.076550700000000006e+03 1.864127000000000000e+06
1.077794799999999896e+03 1.861965000000000000e+06
1.079038800000000037e+03 1.860934000000000000e+06
1.080284300000000030e+03 1.858032000000000000e+06
1.081528099999999995e+03 1.857259000000000000e+06
1.082771700000000010e+03 1.853940000000000000e+06
1.084015100000000075e+03 1.853541000000000000e+06
1.085258399999999938e+03 1.851810000000000000e+06
1.086501700000000028e+03 1.850217000000000000e+06
1.087744799999999941e+03 1.849892000000000000e+06
1.088987499999999955e+03 1.847359000000000000e+06
1.090230299999999943e+03 1.844894000000000000e+06
1.091472999999999956e+03 1.846013000000000000e+06
1.092715599999999995e+03 1.844525000000000000e+06
1.093957900000000109e+03 1.840510000000000000e+06
1.095198599999999942e+03 1.841241000000000000e+06
1.096440700000000106e+03 1.839086000000000000e+06
1.097682600000000093e+03 1.838098000000000000e+06
1.098924299999999903e+03 1.837474000000000000e+06
1.100164600000000064e+03 1.837580000000000000e+06
